File_name;Red_mass;CM_energy;Rel_speed;Tot_sigma;Total_Probability
dcsH1He0el_1000log10e_+0000.dat;749624918.38;1.0;1548508.8561;228.44582214;0.4733972280816834
dcsH1He0el_1000log10e_+0050.dat;749624918.38;1.1220184543;1640263.7743;230.87879099;0.4784389517551995
dcsH1He0el_1000log10e_+0100.dat;749624918.38;1.2589254118;1737455.5132;234.14095563;0.48519897775898296
dcsH1He0el_1000log10e_+0150.dat;749624918.38;1.4125375446;1840406.2247;226.70967646;0.46979949736041726
dcsH1He0el_1000log10e_+0200.dat;749624918.38;1.5848931925;1949457.1493;209.40419945;0.43393819435902237
dcsH1He0el_1000log10e_+0250.dat;749624918.38;1.77827941;2064969.7475;193.04592867;0.40003974101494755
dcsH1He0el_1000log10e_+0300.dat;749624918.38;1.995262315;2187326.8974;186.52379991;0.38652424903854515
dcsH1He0el_1000log10e_+0350.dat;749624918.38;2.2387211386;2316934.1643;188.50854708;0.39063714460353893
dcsH1He0el_1000log10e_+0400.dat;749624918.38;2.5118864315;2454221.1445;190.19965179;0.394141539101151
dcsH1He0el_1000log10e_+0450.dat;749624918.38;2.8183829313;2599642.8897;184.49995117;0.3823303251812489
dcsH1He0el_1000log10e_+0500.dat;749624918.38;3.1622776602;2753681.4151;171.97865128;0.3563830410314303
dcsH1He0el_1000log10e_+0550.dat;749624918.38;3.5481338923;2916847.2969;159.05440605;0.3296007527426106
dcsH1He0el_1000log10e_+0600.dat;749624918.38;3.9810717055;3089681.365;151.70506162;0.31437106174284524
dcsH1He0el_1000log10e_+0650.dat;749624918.38;4.4668359215;3272756.4955;150.89287782;0.3126880125366434
dcsH1He0el_1000log10e_+0700.dat;749624918.38;5.0118723363;3466679.5094;152.8217247;0.31668506863437507
dcsH1He0el_1000log10e_+0750.dat;749624918.38;5.6234132519;3672093.1844;152.54962312;0.316121205690759
dcsH1He0el_1000log10e_+0800.dat;749624918.38;6.3095734448;3889678.3847;147.48957296;0.3056355084814212
dcsH1He0el_1000log10e_+0850.dat;749624918.38;7.0794578438;4120156.3188;138.50786849;0.28702315672240697
dcsH1He0el_1000log10e_+0900.dat;749624918.38;7.9432823472;4364290.929;128.65257358;0.2666005057471471
dcsH1He0el_1000log10e_+0950.dat;749624918.38;8.9125093813;4622891.4243;120.99497181;0.2507320279710475
dcsH1He0el_1000log10e_+1000.dat;749624918.38;10.0;4896814.9622;117.06065714;0.24257913796968128
dcsH1He0el_1000log10e_+1050.dat;749624918.38;11.220184543;5186969.4902;116.47063256;0.2413564585700077
dcsH1He0el_1000log10e_+1100.dat;749624918.38;12.589254118;5494316.7549;117.56153764;0.24361708840396346
dcsH1He0el_1000log10e_+1150.dat;749624918.38;14.125375446;5819875.49;118.36977258;0.24529195457858008
dcsH1He0el_1000log10e_+1200.dat;749624918.38;15.848931925;6164724.7928;117.43724956;0.24335953222716658
dcsH1He0el_1000log10e_+1250.dat;749624918.38;17.7827941;6530007.7015;114.18448846;0.23661899272450826
dcsH1He0el_1000log10e_+1300.dat;749624918.38;19.95262315;6916934.9832;108.86907443;0.2256041173184419
dcsH1He0el_1000log10e_+1350.dat;749624918.38;22.387211386;7326789.1478;102.2937683;0.21197842845019504
dcsH1He0el_1000log10e_+1400.dat;749624918.38;25.118864315;7760928.6984;95.448525315;0.19779336249324936
dcsH1He0el_1000log10e_+1450.dat;749624918.38;28.183829313;8220792.6346;89.216631116;0.1848793095599593
dcsH1He0el_1000log10e_+1500.dat;749624918.38;31.622776602;8707905.2221;84.202403703;0.17448856861294085
dcsH1He0el_1000log10e_+1550.dat;749624918.38;35.481338923;9223881.045;80.677156087;0.16718336848241172
dcsH1He0el_1000log10e_+1600.dat;749624918.38;39.810717055;9770430.3575;78.618065048;0.16291641371344662
dcsH1He0el_1000log10e_+1650.dat;749624918.38;44.668359215;10349364.753;77.787268663;0.16119479454757604
dcsH1He0el_1000log10e_+1700.dat;749624918.38;50.118723363;10962603.168;77.828318918;0.1612798610055528
dcsH1He0el_1000log10e_+1750.dat;749624918.38;56.234132519;11612178.243;78.349936172;0.16236078321218372
dcsH1He0el_1000log10e_+1800.dat;749624918.38;63.095734448;12300243.061;78.988197515;0.16368342132277575
dcsH1He0el_1000log10e_+1850.dat;749624918.38;70.794578438;13029078.283;79.444521714;0.16462903988953076
dcsH1He0el_1000log10e_+1900.dat;749624918.38;79.432823472;13801099.707;79.502457687;0.16474909780421484
dcsH1He0el_1000log10e_+1950.dat;749624918.38;89.125093813;14618866.276;79.028625194;0.1637671976466196
dcsH1He0el_1000log10e_+2000.dat;749624918.38;100.0;15485088.561;77.96361159;0.161560221466097
dcsH1He0el_1000log10e_+2100.dat;749624918.38;125.89254118;17374555.132;74.104437969;0.15356304262625922
dcsH1He0el_1000log10e_+2200.dat;749624918.38;158.48931925;19494571.493;68.362651406;0.1416646160422306
dcsH1He0el_1000log10e_+2300.dat;749624918.38;199.5262315;21873268.974;61.449293458;0.12733839874194655
dcsH1He0el_1000log10e_+2400.dat;749624918.38;251.18864315;24542211.445;54.064623029;0.11203550338305061
dcsH1He0el_1000log10e_+2500.dat;749624918.38;316.22776602;27536814.151;46.762795242;0.09690427882435747
dcsH1He0el_1000log10e_+2600.dat;749624918.38;398.10717055;30896813.65;39.917703005;0.082719525255201
dcsH1He0el_1000log10e_+2700.dat;749624918.38;501.18723363;34666795.094;33.741652126;0.06992119373299754
dcsH1He0el_1000log10e_+2800.dat;749624918.38;630.95734448;38896783.847;28.323603527;0.058693633673673765
dcsH1He0el_1000log10e_+2900.dat;749624918.38;794.32823472;43642909.29;23.668649325;0.04904739722500056
dcsH1He0el_1000log10e_+3000.dat;749624918.38;1000.0;48968149.622;19.730883601;0.0408873557713457
dcsH1He0el_1000log10e_+3100.dat;749624918.38;1258.9254118;54943167.549;16.437638003;0.03406292220157797
dcsH1He0el_1000log10e_+3200.dat;749624918.38;1584.8931925;61647247.928;13.705859724;0.02840199020072999
dcsH1He0el_1000log10e_+3300.dat;749624918.38;1995.262315;69169349.832;11.452306775;0.0237320614211259
dcsH1He0el_1000log10e_+3400.dat;749624918.38;2511.8864315;77609286.984;9.599313315;0.019892192696891117
dcsH1He0el_1000log10e_+3500.dat;749624918.38;3162.2776602;87079052.221;8.0776265775;0.016738874869525928
dcsH1He0el_1000log10e_+3600.dat;749624918.38;3981.0717055;97704303.575;6.8273337472;0.014147953509661032
dcsH1He0el_1000log10e_+3700.dat;749624918.38;5011.8723363;109626031.68;5.7977513158;0.012014399634433397
dcsH1He0el_1000log10e_+3800.dat;749624918.38;6309.5734448;123002430.61;4.9466980967;0.010250803211010823
dcsH1He0el_1000log10e_+3900.dat;749624918.38;7943.2823472;138010997.07;4.239519985;0.008785352213908955
dcsH1He0el_1000log10e_+4000.dat;749624918.38;10000.0;154850885.61;3.6480448866;0.0075596669751117
dcsH1He0el_1000log10e_-0010.dat;749624918.38;0.97723722096;1530783.2218;229.32224757;0.4752134021105875
dcsH1He0el_1000log10e_-0020.dat;749624918.38;0.95499258602;1513260.4912;230.82890344;0.47833557219822376
dcsH1He0el_1000log10e_-0030.dat;749624918.38;0.9332543008;1495938.3416;232.98221217;0.4827977697312624
dcsH1He0el_1000log10e_-0040.dat;749624918.38;0.91201083936;1478814.477;235.77453346;0.48858416208554833
dcsH1He0el_1000log10e_-0050.dat;749624918.38;0.89125093813;1461886.6276;239.18886021;0.4956595062703267
dcsH1He0el_1000log10e_-0060.dat;749624918.38;0.87096358996;1445152.5498;243.19089521;0.5039527298361524
dcsH1He0el_1000log10e_-0070.dat;749624918.38;0.8511380382;1428610.0253;247.68689592;0.513269574651388
dcsH1He0el_1000log10e_-0080.dat;749624918.38;0.8317637711;1412256.8616;252.49385233;0.5232307979238754
dcsH1He0el_1000log10e_-0090.dat;749624918.38;0.81283051616;1396090.891;257.39883873;0.5333951640032661
dcsH1He0el_1000log10e_-0100.dat;749624918.38;0.79432823472;1380109.9707;262.29894407;0.543549415298099
dcsH1He0el_1000log10e_-0110.dat;749624918.38;0.77624711663;1364311.9825;267.25789223;0.5538256037227929
dcsH1He0el_1000log10e_-0120.dat;749624918.38;0.75857757503;1348694.8324;272.31635328;0.5643080078963375
dcsH1He0el_1000log10e_-0130.dat;749624918.38;0.7413102413;1333256.4503;277.17580602;0.5743780167744169
dcsH1He0el_1000log10e_-0140.dat;749624918.38;0.72443596007;1317994.7899;281.16438345;0.5826433528688281
dcsH1He0el_1000log10e_-0150.dat;749624918.38;0.70794578438;1302907.8283;283.77774124;0.5880588878179133
dcsH1He0el_1000log10e_-0160.dat;749624918.38;0.69183097092;1287993.5657;285.40016847;0.5914209652954149
dcsH1He0el_1000log10e_-0170.dat;749624918.38;0.67608297539;1273250.0253;287.1684606;0.5950853115502027
dcsH1He0el_1000log10e_-0180.dat;749624918.38;0.66069344801;1258675.2528;289.80057992;0.6005397251104764
dcsH1He0el_1000log10e_-0190.dat;749624918.38;0.64565422903;1244267.3163;292.51581271;0.6061663706947179
dcsH1He0el_1000log10e_-0200.dat;749624918.38;0.63095734448;1230024.3061;293.06118711;0.6072965236859532
dcsH1He0el_1000log10e_-0210.dat;749624918.38;0.61659500186;1215944.3343;289.80285129;0.6005444319606689
dcsH1He0el_1000log10e_-0220.dat;749624918.38;0.60255958607;1202025.5346;284.83416098;0.5902480553497242
dcsH1He0el_1000log10e_-0230.dat;749624918.38;0.58884365536;1188266.0621;281.88524635;0.5841371621908378
dcsH1He0el_1000log10e_-0240.dat;749624918.38;0.57543993734;1174664.093;282.88604574;0.5862110703615089
dcsH1He0el_1000log10e_-0250.dat;749624918.38;0.56234132519;1161217.8243;287.17201058;0.5950926680020565
dcsH1He0el_1000log10e_-0260.dat;749624918.38;0.54954087386;1147925.4738;290.72568001;0.6024567652830723
dcsH1He0el_1000log10e_-0270.dat;749624918.38;0.53703179637;1134785.2795;286.3050619;0.5932961321838197
dcsH1He0el_1000log10e_-0280.dat;749624918.38;0.52480746025;1121795.4999;277.36642495;0.5747730271634737
dcsH1He0el_1000log10e_-0290.dat;749624918.38;0.51286138399;1108954.413;272.72196545;0.5651485383781624
dcsH1He0el_1000log10e_-0300.dat;749624918.38;0.50118723363;1096260.3168;272.93780879;0.5655958200920441
dcsH1He0el_1000log10e_-0310.dat;749624918.38;0.48977881937;1083711.5287;279.52598024;0.5792481691406757
dcsH1He0el_1000log10e_-0320.dat;749624918.38;0.47863009232;1071306.3854;292.05010603;0.605201309266385
dcsH1He0el_1000log10e_-0330.dat;749624918.38;0.46773514129;1059043.2426;304.62623246;0.6312622078032744
dcsH1He0el_1000log10e_-0340.dat;749624918.38;0.45708818961;1046920.4749;296.27074213;0.6139475293187571
dcsH1He0el_1000log10e_-0350.dat;749624918.38;0.44668359215;1034936.4753;298.09988261;0.6177379686662245
dcsH1He0el_1000log10e_-0360.dat;749624918.38;0.43651583224;1023089.6554;299.49779171;0.6206347880820973
dcsH1He0el_1000log10e_-0370.dat;749624918.38;0.4265795188;1011378.445;301.61462545;0.6250214002575288
dcsH1He0el_1000log10e_-0380.dat;749624918.38;0.41686938347;999801.29164;308.14572195;0.6385554756477944
dcsH1He0el_1000log10e_-0390.dat;749624918.38;0.4073802778;988356.66089;323.53842028;0.6704530199051542
dcsH1He0el_1000log10e_-0400.dat;749624918.38;0.39810717055;977043.03575;330.77565643;0.6854503943385676
dcsH1He0el_1000log10e_-0410.dat;749624918.38;0.38904514499;965858.91661;343.28948517;0.711382196385595
dcsH1He0el_1000log10e_-0420.dat;749624918.38;0.38018939632;954802.82101;354.06013507;0.7337016932340579
dcsH1He0el_1000log10e_-0430.dat;749624918.38;0.3715352291;943873.2835;359.98578696;0.7459811350422949
dcsH1He0el_1000log10e_-0440.dat;749624918.38;0.36307805477;933068.85537;359.23766576;0.7444308396635854
dcsH1He0el_1000log10e_-0450.dat;749624918.38;0.35481338923;922388.1045;353.53436846;0.7326121725176783
dcsH1He0el_1000log10e_-0460.dat;749624918.38;0.34673685045;911829.61518;353.53059769;0.7326043585333865
dcsH1He0el_1000log10e_-0470.dat;749624918.38;0.33884415614;901391.98789;359.43313565;0.7448359024624258
dcsH1He0el_1000log10e_-0480.dat;749624918.38;0.33113112148;891073.83912;367.42268982;0.7613922691416491
dcsH1He0el_1000log10e_-0490.dat;749624918.38;0.32359365693;880873.80123;377.27638591;0.7818116069595523
dcsH1He0el_1000log10e_-0500.dat;749624918.38;0.31622776602;870790.52221;387.05993713;0.8020855869560208
dcsH1He0el_1000log10e_-0510.dat;749624918.38;0.30902954325;860822.66553;391.84870903;0.8120091273479575
dcsH1He0el_1000log10e_-0520.dat;749624918.38;0.30199517204;850968.90996;372.69692049;0.7723218022626849
dcsH1He0el_1000log10e_-0530.dat;749624918.38;0.29512092267;841227.9494;369.705009;0.7661218087904307
dcsH1He0el_1000log10e_-0540.dat;749624918.38;0.28840315031;831598.49269;363.89726273;0.7540866970958302
dcsH1He0el_1000log10e_-0550.dat;749624918.38;0.28183829313;822079.26346;356.89220053;0.739570445509546
dcsH1He0el_1000log10e_-0560.dat;749624918.38;0.27542287033;812668.99995;351.72869571;0.7288703642120364
dcsH1He0el_1000log10e_-0570.dat;749624918.38;0.26915348039;803366.45483;352.82786727;0.731148124272675
dcsH1He0el_1000log10e_-0580.dat;749624918.38;0.26302679919;794170.39506;358.4166549;0.7427294985678801
dcsH1He0el_1000log10e_-0590.dat;749624918.38;0.25703957828;785079.60173;364.57438985;0.7554898748762954
dcsH1He0el_1000log10e_-0600.dat;749624918.38;0.25118864315;776092.86984;370.04957953;0.7668358456340578
dcsH1He0el_1000log10e_-0610.dat;749624918.38;0.24547089157;767209.00822;373.51959137;0.7740265833375467
dcsH1He0el_1000log10e_-0620.dat;749624918.38;0.2398832919;758426.83932;373.07146919;0.773097961418062
dcsH1He0el_1000log10e_-0630.dat;749624918.38;0.23442288153;749745.19909;366.78180919;0.7600642032092928
dcsH1He0el_1000log10e_-0640.dat;749624918.38;0.22908676528;741162.93676;354.84253395;0.7353230205911379
dcsH1He0el_1000log10e_-0650.dat;749624918.38;0.22387211386;732678.91478;359.26822784;0.7444941719837865
dcsH1He0el_1000log10e_-0660.dat;749624918.38;0.21877616239;724292.00859;364.60282473;0.755548799102822
dcsH1He0el_1000log10e_-0670.dat;749624918.38;0.21379620895;716001.10653;372.47131672;0.7718542944817927
dcsH1He0el_1000log10e_-0680.dat;749624918.38;0.20892961309;707805.10964;384.08361987;0.7959179086523565
dcsH1He0el_1000log10e_-0690.dat;749624918.38;0.20417379447;699702.93155;399.98074598;0.8288607542007725
dcsH1He0el_1000log10e_-0700.dat;749624918.38;0.1995262315;691693.49832;419.07452553;0.8684278700617637
dcsH1He0el_1000log10e_-0710.dat;749624918.38;0.19498445998;683775.74832;421.51763016;0.8734905976219408
dcsH1He0el_1000log10e_-0720.dat;749624918.38;0.1905460718;675948.63205;431.68664379;0.8945633527271608
dcsH1He0el_1000log10e_-0730.dat;749624918.38;0.18620871367;668211.11205;438.44904694;0.908576753700714
dcsH1He0el_1000log10e_-0740.dat;749624918.38;0.18197008586;660562.1627;441.63090741;0.9151703692570431
dcsH1He0el_1000log10e_-0750.dat;749624918.38;0.177827941;653000.77015;441.52400828;0.9149488473602874
dcsH1He0el_1000log10e_-0760.dat;749624918.38;0.17378008287;645525.93214;439.58225837;0.910925052937562
dcsH1He0el_1000log10e_-0770.dat;749624918.38;0.16982436525;638136.6579;439.78311897;0.9113412866440054
dcsH1He0el_1000log10e_-0780.dat;749624918.38;0.16595869074;630831.96798;467.11479254;0.9679793918440298
dcsH1He0el_1000log10e_-0790.dat;749624918.38;0.16218100974;623610.89416;478.41142456;0.991388855999822
dcsH1He0el_1000log10e_-0800.dat;749624918.38;0.15848931925;616472.47928;489.1935848;1.0137322051691513
dcsH1He0el_1000log10e_-0810.dat;749624918.38;0.15488166189;609415.77716;499.21455887;1.034498185054348
dcsH1He0el_1000log10e_-0820.dat;749624918.38;0.15135612484;602439.85245;507.42316326;1.051508478909771
dcsH1He0el_1000log10e_-0830.dat;749624918.38;0.14791083882;595543.78048;511.6119534;1.0601887061195148
dcsH1He0el_1000log10e_-0840.dat;749624918.38;0.14454397707;588726.6472;495.46009106;1.0267179830023854
dcsH1He0el_1000log10e_-0850.dat;749624918.38;0.14125375446;581987.549;494.84954138;1.0254527704307104
dcsH1He0el_1000log10e_-0860.dat;749624918.38;0.13803842646;575325.59261;490.35680684;1.0161426939415923
dcsH1He0el_1000log10e_-0870.dat;749624918.38;0.13489628826;568739.89501;483.64725767;1.0022388197144279
dcsH1He0el_1000log10e_-0880.dat;749624918.38;0.13182567386;562229.58327;476.00429222;0.9864006720763558
dcsH1He0el_1000log10e_-0890.dat;749624918.38;0.12882495517;555793.79445;469.09314168;0.9720790290809054
dcsH1He0el_1000log10e_-0900.dat;749624918.38;0.12589254118;549431.67549;465.19413617;0.9639993085440244
dcsH1He0el_1000log10e_-0910.dat;749624918.38;0.12302687708;543142.38311;467.79796734;0.9693951019392536
dcsH1He0el_1000log10e_-0920.dat;749624918.38;0.12022644346;536925.08366;488.68580624;1.0126799602187666
dcsH1He0el_1000log10e_-0930.dat;749624918.38;0.11748975549;530778.95305;489.9483412;1.0152962503518992
dcsH1He0el_1000log10e_-0940.dat;749624918.38;0.11481536215;524703.17662;489.68344537;1.0147473195354906
dcsH1He0el_1000log10e_-0950.dat;749624918.38;0.11220184543;518696.94902;487.76556292;1.0107729844957363
dcsH1He0el_1000log10e_-0960.dat;749624918.38;0.10964781961;512759.47415;483.62035256;1.0021830655562824
dcsH1He0el_1000log10e_-0970.dat;749624918.38;0.10715193052;506889.96498;476.36193508;0.9871417980771782
dcsH1He0el_1000log10e_-0980.dat;749624918.38;0.10471285481;501087.64353;464.84560972;0.9632770740387157
dcsH1He0el_1000log10e_-0990.dat;749624918.38;0.10232929923;495351.74071;459.47461333;0.9521470179963489
dcsH1He0el_1000log10e_-1000.dat;749624918.38;0.1;489681.49622;462.25209544;0.957902659835641
dcsH1He0el_1000log10e_-1010.dat;749624918.38;0.097723722096;484076.15849;464.89336391;0.9633760327369466
dcsH1He0el_1000log10e_-1020.dat;749624918.38;0.095499258602;478534.98452;469.0173374;0.9719219435378538
dcsH1He0el_1000log10e_-1030.dat;749624918.38;0.09332543008;473057.23985;475.50549719;0.9853670432606876
dcsH1He0el_1000log10e_-1040.dat;749624918.38;0.091201083936;467642.19841;485.07116275;1.0051895093423182
dcsH1He0el_1000log10e_-1050.dat;749624918.38;0.089125093813;462289.14243;498.23697943;1.0324723944629925
dcsH1He0el_1000log10e_-1060.dat;749624918.38;0.087096358996;456997.36237;515.17692782;1.0675762301845242
dcsH1He0el_1000log10e_-1070.dat;749624918.38;0.08511380382;451766.15682;535.77559977;1.1102618617795634
dcsH1He0el_1000log10e_-1080.dat;749624918.38;0.08317637711;446594.83239;546.74571325;1.1329946973574927
dcsH1He0el_1000log10e_-1090.dat;749624918.38;0.081283051616;441482.70361;555.96505157;1.1520994862503295
dcsH1He0el_1000log10e_-1100.dat;749624918.38;0.079432823472;436429.0929;563.23372969;1.167162016357434
dcsH1He0el_1000log10e_-1110.dat;749624918.38;0.077624711663;431433.33038;568.60739926;1.1782976119014223
dcsH1He0el_1000log10e_-1120.dat;749624918.38;0.075857757503;426494.75389;572.07423421;1.1854817662894195
dcsH1He0el_1000log10e_-1130.dat;749624918.38;0.07413102413;421612.70881;573.77664612;1.1890095921507011
dcsH1He0el_1000log10e_-1140.dat;749624918.38;0.072443596007;416786.54804;574.23667569;1.1899628891785632
dcsH1He0el_1000log10e_-1150.dat;749624918.38;0.070794578438;412015.63188;574.73852151;1.1910028399987924
dcsH1He0el_1000log10e_-1160.dat;749624918.38;0.069183097092;407299.32794;627.08567854;1.299479321660041
dcsH1He0el_1000log10e_-1170.dat;749624918.38;0.067608297539;402637.01108;642.45051045;1.3313191196830376
dcsH1He0el_1000log10e_-1180.dat;749624918.38;0.066069344801;398028.06333;656.23913289;1.3598926150571862
dcsH1He0el_1000log10e_-1190.dat;749624918.38;0.064565422903;393471.87377;669.07552671;1.3864928531181338
dcsH1He0el_1000log10e_-1200.dat;749624918.38;0.063095734448;388967.83847;681.00055822;1.41120451914353
dcsH1He0el_1000log10e_-1210.dat;749624918.38;0.061659500186;384515.36044;691.76198443;1.4335049021853241
dcsH1He0el_1000log10e_-1220.dat;749624918.38;0.060255958607;380113.84951;700.79189729;1.4522171538592612
dcsH1He0el_1000log10e_-1230.dat;749624918.38;0.058884365536;375762.72225;707.08346692;1.465254869301917
dcsH1He0el_1000log10e_-1240.dat;749624918.38;0.057543993734;371461.40194;708.89365166;1.4690060275862067
dcsH1He0el_1000log10e_-1250.dat;749624918.38;0.056234132519;367209.31844;702.1154079;1.4549598008827063
dcsH1He0el_1000log10e_-1260.dat;749624918.38;0.054954087386;363005.90813;697.66382114;1.4457349929479053
dcsH1He0el_1000log10e_-1270.dat;749624918.38;0.053703179637;358850.61386;693.92458;1.4379863443877223
dcsH1He0el_1000log10e_-1280.dat;749624918.38;0.052480746025;354742.88485;688.03606067;1.4257838505875988
dcsH1He0el_1000log10e_-1290.dat;749624918.38;0.051286138399;350682.17662;680.74004453;1.4106646692238947
dcsH1He0el_1000log10e_-1300.dat;749624918.38;0.050118723363;346667.95094;672.75276317;1.3941130123789063
dcsH1He0el_1000log10e_-1310.dat;749624918.38;0.048977881937;342699.67572;664.90254315;1.3778453811196143
dcsH1He0el_1000log10e_-1320.dat;749624918.38;0.047863009232;338776.82497;658.21063818;1.3639780701147204
dcsH1He0el_1000log10e_-1330.dat;749624918.38;0.046773514129;334898.87873;653.98415755;1.3552197387255092
dcsH1He0el_1000log10e_-1340.dat;749624918.38;0.045708818961;331065.32296;654.03315135;1.3553212662075875
dcsH1He0el_1000log10e_-1350.dat;749624918.38;0.044668359215;327275.64955;662.40397119;1.372667711294242
dcsH1He0el_1000log10e_-1360.dat;749624918.38;0.043651583224;323529.35617;704.86824713;1.4606643764736655
dcsH1He0el_1000log10e_-1370.dat;749624918.38;0.04265795188;319825.94625;700.40194522;1.4514090750452413
dcsH1He0el_1000log10e_-1380.dat;749624918.38;0.041686938347;316164.92892;694.33452305;1.4388358495427012
dcsH1He0el_1000log10e_-1390.dat;749624918.38;0.04073802778;312545.8189;686.90890404;1.4234480984199411
dcsH1He0el_1000log10e_-1400.dat;749624918.38;0.039810717055;308968.1365;678.12536861;1.4052464027777638
dcsH1He0el_1000log10e_-1410.dat;749624918.38;0.038904514499;305431.40749;667.84422738;1.3839412910702902
dcsH1He0el_1000log10e_-1420.dat;749624918.38;0.038018939632;301935.16308;655.82320938;1.3590307168842035
dcsH1He0el_1000log10e_-1430.dat;749624918.38;0.03715352291;298478.93984;641.74444359;1.329855971479086
dcsH1He0el_1000log10e_-1440.dat;749624918.38;0.036307805477;295062.27967;625.23928103;1.295653121403968
dcsH1He0el_1000log10e_-1450.dat;749624918.38;0.035481338923;291684.72969;605.85554028;1.2554851329726433
dcsH1He0el_1000log10e_-1460.dat;749624918.38;0.034673685045;288345.8422;643.26050697;1.3329976362946867
dcsH1He0el_1000log10e_-1470.dat;749624918.38;0.033884415614;285045.17463;646.73599783;1.34019972790632
dcsH1He0el_1000log10e_-1480.dat;749624918.38;0.033113112148;281782.2895;649.98433287;1.3469310954989138
dcsH1He0el_1000log10e_-1490.dat;749624918.38;0.032359365693;278556.75431;654.38472787;1.356049821225436
dcsH1He0el_1000log10e_-1500.dat;749624918.38;0.031622776602;275368.14151;660.48652224;1.3686942745755708
dcsH1He0el_1000log10e_-1510.dat;749624918.38;0.030902954325;272216.02846;668.6577773;1.3856271712208936
dcsH1He0el_1000log10e_-1520.dat;749624918.38;0.030199517204;269099.99735;679.16037172;1.4073911896630744
dcsH1He0el_1000log10e_-1530.dat;749624918.38;0.029512092267;266019.63515;692.15321596;1.434315632362419
dcsH1He0el_1000log10e_-1540.dat;749624918.38;0.028840315031;262974.53357;707.66235472;1.4664544704910445
dcsH1He0el_1000log10e_-1550.dat;749624918.38;0.028183829313;259964.28897;725.51829553;1.5034564730011377
dcsH1He0el_1000log10e_-1560.dat;749624918.38;0.027542287033;256988.50236;745.24242624;1.5443298350830783
dcsH1He0el_1000log10e_-1570.dat;749624918.38;0.026915348039;254046.7793;765.82526443;1.586982655143094
dcsH1He0el_1000log10e_-1580.dat;749624918.38;0.026302679919;251138.72987;783.58932639;1.6237942615561964
dcsH1He0el_1000log10e_-1590.dat;749624918.38;0.025703957828;248263.9686;795.17131372;1.647795053719246
dcsH1He0el_1000log10e_-1600.dat;749624918.38;0.025118864315;245422.11445;804.78865362;1.667724602036349
dcsH1He0el_1000log10e_-1610.dat;749624918.38;0.024547089157;242612.79074;813.41476208;1.6856000693827966
dcsH1He0el_1000log10e_-1620.dat;749624918.38;0.02398832919;239835.62509;821.30379644;1.7019481337215545
dcsH1He0el_1000log10e_-1630.dat;749624918.38;0.023442288153;237090.24939;828.59386096;1.7170549818309924
dcsH1He0el_1000log10e_-1640.dat;749624918.38;0.022908676528;234376.29975;835.41482107;1.7311897275605548
dcsH1He0el_1000log10e_-1650.dat;749624918.38;0.022387211386;231693.41643;841.94495469;1.7447218076211677
dcsH1He0el_1000log10e_-1660.dat;749624918.38;0.021877616239;229041.24382;848.46068329;1.7582240368555557
dcsH1He0el_1000log10e_-1670.dat;749624918.38;0.021379620895;226419.43038;855.39472137;1.7725931085931563
dcsH1He0el_1000log10e_-1680.dat;749624918.38;0.020892961309;223827.6286;863.41740822;1.7892181345226297
dcsH1He0el_1000log10e_-1690.dat;749624918.38;0.020417379447;221265.49492;873.57299698;1.8102630699190636
dcsH1He0el_1000log10e_-1700.dat;749624918.38;0.01995262315;218732.68974;887.58392168;1.8392972315146143
dcsH1He0el_1000log10e_-1710.dat;749624918.38;0.019498445998;216228.87735;909.13774387;1.8839621747546722
dcsH1He0el_1000log10e_-1720.dat;749624918.38;0.01905460718;213753.72586;1055.1103686;2.1864541847886354
dcsH1He0el_1000log10e_-1730.dat;749624918.38;0.018620871367;211306.90719;1071.0013466;2.219384289906061
dcsH1He0el_1000log10e_-1740.dat;749624918.38;0.018197008586;208888.09703;1084.9775177;2.248346433297244
dcsH1He0el_1000log10e_-1750.dat;749624918.38;0.0177827941;206496.97475;1097.2644757;2.2738081020827274
dcsH1He0el_1000log10e_-1760.dat;749624918.38;0.017378008287;204133.22343;1107.8611767;2.2957671330390306
dcsH1He0el_1000log10e_-1770.dat;749624918.38;0.016982436525;201796.52974;1116.6485594;2.3139768011927497
dcsH1He0el_1000log10e_-1780.dat;749624918.38;0.016595869074;199486.58397;1123.4153552;2.3279993048424403
dcsH1He0el_1000log10e_-1790.dat;749624918.38;0.016218100974;197203.07992;1127.8610711;2.337211946878016
dcsH1He0el_1000log10e_-1800.dat;749624918.38;0.015848931925;194945.71493;1129.5887163;2.3407920624657175
dcsH1He0el_1000log10e_-1810.dat;749624918.38;0.015488166189;192714.18979;1128.0900601;2.3376864697073056
dcsH1He0el_1000log10e_-1820.dat;749624918.38;0.015135612484;190508.2087;1122.7228589;2.3265642782536156
dcsH1He0el_1000log10e_-1830.dat;749624918.38;0.014791083882;188327.47927;1112.6707321;2.305733742072791
dcsH1He0el_1000log10e_-1840.dat;749624918.38;0.014454397707;186171.71244;1096.8560844;2.272961812544221
dcsH1He0el_1000log10e_-1850.dat;749624918.38;0.014125375446;184040.62247;1073.6578549;2.2248892435699776
dcsH1He0el_1000log10e_-1860.dat;749624918.38;0.013803842646;181933.92688;1038.8564326;2.15277193936284
dcsH1He0el_1000log10e_-1870.dat;749624918.38;0.013489628826;179851.34644;1114.6745692;2.309886196776409
dcsH1He0el_1000log10e_-1880.dat;749624918.38;0.013182567386;177792.60511;1107.2368417;2.2944733538154685
dcsH1He0el_1000log10e_-1890.dat;749624918.38;0.012882495517;175757.42998;1098.5421347;2.2764557330324537
dcsH1He0el_1000log10e_-1900.dat;749624918.38;0.012589254118;173745.55132;1089.1351969;2.256962190810755
dcsH1He0el_1000log10e_-1910.dat;749624918.38;0.012302687708;171756.70244;1079.4558342;2.236904115645042
dcsH1He0el_1000log10e_-1920.dat;749624918.38;0.012022644346;169790.61973;1069.9121794;2.217127261396774
dcsH1He0el_1000log10e_-1930.dat;749624918.38;0.011748975549;167847.04257;1060.9064562;2.198465136785285
dcsH1He0el_1000log10e_-1940.dat;749624918.38;0.011481536215;165925.71336;1052.8454658;2.1817607362617575
dcsH1He0el_1000log10e_-1950.dat;749624918.38;0.011220184543;164026.37743;1046.1434229;2.1678724169148613
dcsH1He0el_1000log10e_-1960.dat;749624918.38;0.010964781961;162148.78301;1041.2190167;2.1576678081231995
dcsH1He0el_1000log10e_-1970.dat;749624918.38;0.010715193052;160292.68124;1038.486502;2.152005350072731
dcsH1He0el_1000log10e_-1980.dat;749624918.38;0.010471285481;158457.82609;1038.3392861;2.151700281683488
dcsH1He0el_1000log10e_-1990.dat;749624918.38;0.010232929923;156643.97436;1041.123392;2.1574696496824273
dcsH1He0el_1000log10e_-2000.dat;749624918.38;0.01;154850.88561;1047.0973279;2.169849148109256
dcsH1He0el_1000log10e_-2005.dat;749624918.38;0.0098855309466;153962.05298;1051.3241108;2.178608105877968
dcsH1He0el_1000log10e_-2010.dat;749624918.38;0.0097723722096;153078.32218;1056.3782652;2.1890815855890158
dcsH1He0el_1000log10e_-2015.dat;749624918.38;0.0096605087899;152199.66393;1062.2470725;2.201243231102773
dcsH1He0el_1000log10e_-2020.dat;749624918.38;0.0095499258602;151326.04912;1068.9225221;2.215076442440305
dcsH1He0el_1000log10e_-2025.dat;749624918.38;0.0094406087629;150457.44879;1076.4905973;2.2307593986354863
dcsH1He0el_1000log10e_-2030.dat;749624918.38;0.009332543008;149593.83416;1103.586384;2.2869086868838466
dcsH1He0el_1000log10e_-2035.dat;749624918.38;0.0092257142715;148735.17661;1094.5353521;2.2681526712447733
dcsH1He0el_1000log10e_-2040.dat;749624918.38;0.0091201083936;147881.4477;1085.3712718;2.2491623908741416
dcsH1He0el_1000log10e_-2045.dat;749624918.38;0.0090157113761;147032.61912;1076.0446104;2.22983520155347
dcsH1He0el_1000log10e_-2050.dat;749624918.38;0.0089125093813;146188.66276;1066.5989826;2.210261483916073
dcsH1He0el_1000log10e_-2055.dat;749624918.38;0.0088104887301;145349.55065;1057.0302245;2.1904326093133757
dcsH1He0el_1000log10e_-2060.dat;749624918.38;0.0087096358996;144515.25498;1047.4016955;2.1704798743655216
dcsH1He0el_1000log10e_-2065.dat;749624918.38;0.0086099375218;143685.7481;1037.7249253;2.150427171512168
dcsH1He0el_1000log10e_-2070.dat;749624918.38;0.008511380382;142861.00253;1028.0201766;2.1303164901664884
dcsH1He0el_1000log10e_-2075.dat;749624918.38;0.0084139514165;142040.99094;1018.3051841;2.1101845810895266
dcsH1He0el_1000log10e_-2080.dat;749624918.38;0.008317637711;141225.68616;1008.5957304;2.0900641497999115
dcsH1He0el_1000log10e_-2085.dat;749624918.38;0.0082224264995;140415.06117;998.90614846;2.069984897797416
dcsH1He0el_1000log10e_-2090.dat;749624918.38;0.0081283051616;139609.0891;989.2497567;2.0499744241996396
dcsH1He0el_1000log10e_-2095.dat;749624918.38;0.0080352612219;138807.74325;979.63926069;2.030059058144768
dcsH1He0el_1000log10e_-2100.dat;749624918.38;0.0079432823472;138010.99707;970.08715383;2.01026468910136
dcsH1He0el_1000log10e_-2105.dat;749624918.38;0.0078523563461;137218.82415;960.6061064;1.99061757307784
dcsH1He0el_1000log10e_-2110.dat;749624918.38;0.0077624711663;136431.19825;951.20939003;1.9711452122311546
dcsH1He0el_1000log10e_-2115.dat;749624918.38;0.0076736148936;135648.09326;941.91131644;1.951877264046451
dcsH1He0el_1000log10e_-2120.dat;749624918.38;0.0075857757503;134869.48324;932.72773586;1.9328465741887375
dcsH1He0el_1000log10e_-2125.dat;749624918.38;0.0074989420933;134095.34238;923.67658262;1.9140903071026503
dcsH1He0el_1000log10e_-2130.dat;749624918.38;0.007413102413;133325.64503;914.77849145;1.8956512231411384
dcsH1He0el_1000log10e_-2135.dat;749624918.38;0.0073282453314;132560.36569;906.05751377;1.8775791628985827
dcsH1He0el_1000log10e_-2140.dat;749624918.38;0.0072443596007;131799.47899;897.54192604;1.8599327223154063
dcsH1He0el_1000log10e_-2145.dat;749624918.38;0.0071614341021;131042.95973;889.26518947;1.8427812414386884
dcsH1He0el_1000log10e_-2150.dat;749624918.38;0.0070794578438;130290.78283;881.26705766;1.826207099730964
dcsH1He0el_1000log10e_-2155.dat;749624918.38;0.00699841996;129542.92337;873.59490986;1.810308478920437
dcsH1He0el_1000log10e_-2160.dat;749624918.38;0.0069183097092;128799.35657;866.30533162;1.7952026385055233
dcsH1He0el_1000log10e_-2165.dat;749624918.38;0.0068391164728;128060.05779;859.46605823;1.7810299430515677
dcsH1He0el_1000log10e_-2170.dat;749624918.38;0.0067608297539;127325.00253;853.15836231;1.7679588098781178
dcsH1He0el_1000log10e_-2175.dat;749624918.38;0.0066834391757;126594.16643;847.48009597;1.756192013179957
dcsH1He0el_1000log10e_-2180.dat;749624918.38;0.0066069344801;125867.52528;842.54962947;1.7459748459217213
dcsH1He0el_1000log10e_-2185.dat;749624918.38;0.0065313055265;125145.05499;838.51118207;1.7376061667005183
dcsH1He0el_1000log10e_-2190.dat;749624918.38;0.0064565422903;124426.73163;835.54232011;1.7314539376544564
dcsH1He0el_1000log10e_-2195.dat;749624918.38;0.0063826348619;123712.53139;833.86521104;1.7279785456446954
dcsH1He0el_1000log10e_-2200.dat;749624918.38;0.0063095734448;123002.43061;833.76484412;1.7277705601307825
dcsH1He0el_1000log10e_-2205.dat;749624918.38;0.0062373483548;122296.40576;835.62205569;1.7316191698403547
dcsH1He0el_1000log10e_-2210.dat;749624918.38;0.0061659500186;121594.43343;839.98399744;1.7406582107567534
dcsH1He0el_1000log10e_-2215.dat;749624918.38;0.0060953689724;120896.49038;847.76396666;1.756780264680995
dcsH1He0el_1000log10e_-2220.dat;749624918.38;0.0060255958607;120202.55346;861.59108081;1.785433524564065
dcsH1He0el_1000log10e_-2225.dat;749624918.38;0.0059566214353;119512.5997;1166.1045563;2.4164620715520755
dcsH1He0el_1000log10e_-2230.dat;749624918.38;0.0058884365536;118826.60621;1170.485336;2.4255401494411317
dcsH1He0el_1000log10e_-2235.dat;749624918.38;0.0058210321777;118144.55028;1175.6061392;2.436151742236846
dcsH1He0el_1000log10e_-2240.dat;749624918.38;0.0057543993734;117466.4093;1181.3537237;2.448062183605294
dcsH1He0el_1000log10e_-2245.dat;749624918.38;0.0056885293084;116792.1608;1187.6907659;2.4611941296554085
dcsH1He0el_1000log10e_-2250.dat;749624918.38;0.0056234132519;116121.78243;1194.6015858;2.475515087481579
dcsH1He0el_1000log10e_-2255.dat;749624918.38;0.0055590425727;115455.25199;1202.0779856;2.491008069179364
dcsH1He0el_1000log10e_-2260.dat;749624918.38;0.0054954087386;114792.54738;1210.1141474;2.5076610185959853
dcsH1He0el_1000log10e_-2265.dat;749624918.38;0.0054325033149;114133.64664;1218.7044513;2.5254622898844885
dcsH1He0el_1000log10e_-2270.dat;749624918.38;0.0053703179637;113478.52795;1227.8423848;2.5443983875061105
dcsH1He0el_1000log10e_-2275.dat;749624918.38;0.0053088444423;112827.1696;1237.519946;2.5644527295105055
dcsH1He0el_1000log10e_-2280.dat;749624918.38;0.0052480746025;112179.54999;1247.7272692;2.585604871684734
dcsH1He0el_1000log10e_-2285.dat;749624918.38;0.0051880003893;111535.64766;1258.4523364;2.607829909708666
dcsH1He0el_1000log10e_-2290.dat;749624918.38;0.0051286138399;110895.4413;1269.6807587;2.631098026160772
dcsH1He0el_1000log10e_-2295.dat;749624918.38;0.0050699070827;110258.90966;1281.3955621;2.6553740466418256
dcsH1He0el_1000log10e_-2300.dat;749624918.38;0.0050118723363;109626.03168;1293.5769651;2.6806169789061416
dcsH1He0el_1000log10e_-2305.dat;749624918.38;0.004954501908;108996.78636;1306.2021548;2.7067795488844304
dcsH1He0el_1000log10e_-2310.dat;749624918.38;0.0048977881937;108371.15287;1319.2450431;2.7338076954688533
dcsH1He0el_1000log10e_-2315.dat;749624918.38;0.0048417236758;107749.11047;1332.6759855;2.761639987795864
dcsH1He0el_1000log10e_-2320.dat;749624918.38;0.0047863009232;107130.63854;1346.4614827;2.790207006886318
dcsH1He0el_1000log10e_-2325.dat;749624918.38;0.0047315125896;106515.7166;1360.5638453;2.8194306508195015
dcsH1He0el_1000log10e_-2330.dat;749624918.38;0.0046773514129;105904.32426;1374.9408068;2.8492233327717504
dcsH1He0el_1000log10e_-2335.dat;749624918.38;0.004623810214;105296.44127;1389.5451024;2.8794871081840605
dcsH1He0el_1000log10e_-2340.dat;749624918.38;0.0045708818961;104692.04749;1404.3239929;2.910112688163086
dcsH1He0el_1000log10e_-2345.dat;749624918.38;0.0045185594437;104091.12288;1419.2187145;2.940978299328289
dcsH1He0el_1000log10e_-2350.dat;749624918.38;0.0044668359215;103493.64753;1434.1638657;2.971948413314466
dcsH1He0el_1000log10e_-2355.dat;749624918.38;0.0044157044735;102899.60164;1449.0867048;3.002872291014972
dcsH1He0el_1000log10e_-2360.dat;749624918.38;0.0043651583224;102308.96554;1463.9063254;3.0335822740102523
dcsH1He0el_1000log10e_-2365.dat;749624918.38;0.0043151907683;101721.71964;1478.5327067;3.0638918165504636
dcsH1He0el_1000log10e_-2370.dat;749624918.38;0.004265795188;101137.8445;1492.8655886;3.093593154479611
dcsH1He0el_1000log10e_-2375.dat;749624918.38;0.0042169650343;100557.32075;1506.793101;3.1224544648002377
dcsH1He0el_1000log10e_-2380.dat;749624918.38;0.0041686938347;99980.129164;1520.190095;3.1502164074998955
dcsH1He0el_1000log10e_-2385.dat;749624918.38;0.004120975191;99406.250617;1532.9160244;3.1765877354860614
dcsH1He0el_1000log10e_-2390.dat;749624918.38;0.004073802778;98835.666089;1544.8121991;3.2012396029397996
dcsH1He0el_1000log10e_-2395.dat;749624918.38;0.0040271703433;98268.356675;1555.6980583;3.223797842448375
dcsH1He0el_1000log10e_-2400.dat;749624918.38;0.0039810717055;97704.303575;1565.365934;3.2438321136595745
dcsH1He0el_1000log10e_-2405.dat;749624918.38;0.0039355007546;97143.488098;1573.5732603;3.2608397589909073
dcsH1He0el_1000log10e_-2410.dat;749624918.38;0.0038904514499;96585.891661;1580.0302579;3.2742202828146123
dcsH1He0el_1000log10e_-2415.dat;749624918.38;0.0038459178205;96031.495785;1584.3788411;3.283231641453953
dcsH1He0el_1000log10e_-2420.dat;749624918.38;0.0038018939632;95480.282101;1586.1526825;3.286907487192563
dcsH1He0el_1000log10e_-2425.dat;749624918.38;0.0037583740429;94932.232343;1584.6898794;3.2838761910791896
dcsH1He0el_1000log10e_-2430.dat;749624918.38;0.003715352291;94387.32835;1578.8933051;3.27186423051767
dcsH1He0el_1000log10e_-2435.dat;749624918.38;0.003672823005;93845.552065;1566.1744907;3.245507646601877
dcsH1He0el_1000log10e_-2440.dat;749624918.38;0.0036307805477;93306.885537;1651.684853;3.42270663455392
dcsH1He0el_1000log10e_-2445.dat;749624918.38;0.0035892193465;92771.310914;1656.618428;3.4329302434063584
dcsH1He0el_1000log10e_-2450.dat;749624918.38;0.0035481338923;92238.81045;1662.9034828;3.4459544584819053
dcsH1He0el_1000log10e_-2455.dat;749624918.38;0.0035075187395;91709.366499;1669.9341014;3.460523669359834
dcsH1He0el_1000log10e_-2460.dat;749624918.38;0.0034673685045;91182.961518;1677.5031646;3.476208672939629
dcsH1He0el_1000log10e_-2465.dat;749624918.38;0.0034276778655;90659.578062;1685.5105419;3.4928019736291076
dcsH1He0el_1000log10e_-2470.dat;749624918.38;0.0033884415614;90139.198789;1693.8998474;3.510186725654892
dcsH1He0el_1000log10e_-2475.dat;749624918.38;0.0033496543916;89621.806454;1702.6366571;3.5282915938267543
dcsH1He0el_1000log10e_-2480.dat;749624918.38;0.0033113112148;89107.383912;1711.6991637;3.547071387931646
dcsH1He0el_1000log10e_-2485.dat;749624918.38;0.0032734069488;88595.914118;1721.0735749;3.5664975268533645
dcsH1He0el_1000log10e_-2490.dat;749624918.38;0.0032359365693;88087.380123;1730.7516602;3.586552954924841
dcsH1He0el_1000log10e_-2495.dat;749624918.38;0.0031988951097;87581.765076;1740.7293499;3.6072292387036025
dcsH1He0el_1000log10e_-2500.dat;749624918.38;0.0031622776602;87079.052221;1751.0059089;3.6285248548774733
dcsH1He0el_1000log10e_-2505.dat;749624918.38;0.0031260793671;86579.224901;1761.5834391;3.650444159112163
dcsH1He0el_1000log10e_-2510.dat;749624918.38;0.0030902954325;86082.266553;1772.4665914;3.6729967892427915
dcsH1He0el_1000log10e_-2515.dat;749624918.38;0.0030549211132;85588.160709;1783.6623857;3.696197292268601
dcsH1He0el_1000log10e_-2520.dat;749624918.38;0.0030199517204;85096.890996;1795.180134;3.720064964996803
dcsH1He0el_1000log10e_-2525.dat;749624918.38;0.0029853826189;84608.441135;1807.0314103;3.7446237916678022
dcsH1He0el_1000log10e_-2530.dat;749624918.38;0.0029512092267;84122.79494;1819.2300642;3.7699024721378214
dcsH1He0el_1000log10e_-2535.dat;749624918.38;0.002917427014;83639.936318;1831.7922621;3.7959345072556667
dcsH1He0el_1000log10e_-2540.dat;749624918.38;0.0028840315031;83159.849269;1844.7365516;3.822758332315735
dcsH1He0el_1000log10e_-2545.dat;749624918.38;0.0028510182675;82682.517884;1858.0839406;3.850417480973116
dcsH1He0el_1000log10e_-2550.dat;749624918.38;0.0028183829313;82207.926346;1871.8579999;3.878960797856612
dcsH1He0el_1000log10e_-2555.dat;749624918.38;0.0027861211686;81736.058928;1886.0849559;3.9084426306664617
dcsH1He0el_1000log10e_-2560.dat;749624918.38;0.0027542287033;81266.899995;1900.7938132;3.9389230842323917
dcsH1He0el_1000log10e_-2565.dat;749624918.38;0.0027227013081;80800.433999;1916.0164747;3.970468269391039
dcsH1He0el_1000log10e_-2570.dat;749624918.38;0.0026915348039;80336.645483;1931.7878706;4.00315057030641
dcsH1He0el_1000log10e_-2575.dat;749624918.38;0.0026607250598;79875.519079;1948.1460923;4.037048921944375
dcsH1He0el_1000log10e_-2580.dat;749624918.38;0.0026302679919;79417.039506;1965.1325343;4.072249104125174
dcsH1He0el_1000log10e_-2585.dat;749624918.38;0.0026001595632;78961.191573;1982.7920398;4.108844043243255
dcsH1He0el_1000log10e_-2590.dat;749624918.38;0.0025703957828;78507.960173;2001.1730548;4.146934131601251
dcsH1He0el_1000log10e_-2595.dat;749624918.38;0.0025409727055;78057.330287;2020.3277881;4.186627558970244
dcsH1He0el_1000log10e_-2600.dat;749624918.38;0.0025118864315;77609.286984;2040.3123814;4.228040665079762
dcsH1He0el_1000log10e_-2605.dat;749624918.38;0.0024831331053;77163.815416;2061.1871032;4.271298341427373
dcsH1He0el_1000log10e_-2610.dat;749624918.38;0.0024547089157;76720.900822;2083.0165436;4.316534434953309
dcsH1He0el_1000log10e_-2615.dat;749624918.38;0.0024266100951;76280.528525;2105.8698636;4.3638922646527885
dcsH1He0el_1000log10e_-2620.dat;749624918.38;0.002398832919;75842.683932;2129.8210826;4.413525217348368
dcsH1He0el_1000log10e_-2625.dat;749624918.38;0.0023713737057;75407.352535;2154.9494485;4.465597514630269
dcsH1He0el_1000log10e_-2630.dat;749624918.38;0.0023442288153;74974.519909;2181.3399353;4.52028524400879
dcsH1He0el_1000log10e_-2635.dat;749624918.38;0.00231739465;74544.171709;2209.0839449;4.577777813220508
dcsH1He0el_1000log10e_-2640.dat;749624918.38;0.0022908676528;74116.293676;2238.2803521;4.638280115731226
dcsH1He0el_1000log10e_-2645.dat;749624918.38;0.0022646443076;73690.871631;2269.0371276;4.702015894000385
dcsH1He0el_1000log10e_-2650.dat;749624918.38;0.0022387211386;73267.891478;2301.4739765;4.769233207116989
dcsH1He0el_1000log10e_-2655.dat;749624918.38;0.0022130947096;72847.339199;2335.7268373;4.840213753859711
dcsH1He0el_1000log10e_-2660.dat;749624918.38;0.0021877616239;72429.200859;2371.9559823;4.915289658764019
dcsH1He0el_1000log10e_-2665.dat;749624918.38;0.0021627185237;72013.462603;2410.3616453;4.994875856649036
dcsH1He0el_1000log10e_-2670.dat;749624918.38;0.0021379620895;71600.110653;2451.2171494;5.079538741755191
dcsH1He0el_1000log10e_-2675.dat;749624918.38;0.0021134890398;71189.131313;2494.9496875;5.170163565267302
dcsH1He0el_1000log10e_-2680.dat;749624918.38;0.0020892961309;70780.510964;2542.3900434;5.268471920271954
dcsH1He0el_1000log10e_-2685.dat;749624918.38;0.0020653801558;70374.236065;2596.0934209;5.379758832017462
dcsH1He0el_1000log10e_-2690.dat;749624918.38;0.0020417379447;69970.293155;2589.8117945;5.366741721449414
dcsH1He0el_1000log10e_-2695.dat;749624918.38;0.0020183663637;69568.668847;2579.9495935;5.346304759317872
dcsH1He0el_1000log10e_-2700.dat;749624918.38;0.001995262315;69169.349832;2572.0200522;5.329872754406534
dcsH1He0el_1000log10e_-2705.dat;749624918.38;0.0019724227361;68772.322879;2564.9954992;5.3153161129781115
dcsH1He0el_1000log10e_-2710.dat;749624918.38;0.0019498445998;68377.574832;2558.4733767;5.301800633974004
dcsH1He0el_1000log10e_-2715.dat;749624918.38;0.0019275249132;67985.092609;2552.2372605;5.288877831992246
dcsH1He0el_1000log10e_-2720.dat;749624918.38;0.001905460718;67594.863205;2546.1509798;5.27626552687011
dcsH1He0el_1000log10e_-2725.dat;749624918.38;0.0018836490895;67206.873689;2544.8973814;5.273667755538034
dcsH1He0el_1000log10e_-2730.dat;749624918.38;0.0018620871367;66821.111205;2534.0733173;5.251237571026372
dcsH1He0el_1000log10e_-2735.dat;749624918.38;0.0018407720015;66437.562968;2527.955538;5.238559992878935
dcsH1He0el_1000log10e_-2740.dat;749624918.38;0.0018197008586;66056.21627;2521.7209688;5.225640396670452
dcsH1He0el_1000log10e_-2745.dat;749624918.38;0.0017988709151;65677.058473;2515.3297257;5.212396132716779
dcsH1He0el_1000log10e_-2750.dat;749624918.38;0.00177827941;65300.077015;2508.7482872;5.198757736034783
dcsH1He0el_1000log10e_-2755.dat;749624918.38;0.001757923614;64925.259402;2501.9455405;5.1846607330738435
dcsH1He0el_1000log10e_-2760.dat;749624918.38;0.0017378008287;64552.593214;2494.8931849;5.170046477662158
dcsH1He0el_1000log10e_-2765.dat;749624918.38;0.0017179083872;64182.066103;2487.5648196;5.154860260698804
dcsH1He0el_1000log10e_-2770.dat;749624918.38;0.0016982436525;63813.66579;2479.9354705;5.1390503295642604
dcsH1He0el_1000log10e_-2775.dat;749624918.38;0.0016788040181;63447.380068;2471.9812377;5.122567157651715
dcsH1He0el_1000log10e_-2780.dat;749624918.38;0.0016595869074;63083.196798;2463.6790339;5.10536290226603
dcsH1He0el_1000log10e_-2785.dat;749624918.38;0.0016405897732;62721.103914;2455.0063717;5.087390963855825
dcsH1He0el_1000log10e_-2790.dat;749624918.38;0.0016218100974;62361.089416;2445.9412256;5.068605700042747
dcsH1He0el_1000log10e_-2795.dat;749624918.38;0.0016032453907;62003.141374;2436.4619047;5.04896216182384
dcsH1He0el_1000log10e_-2800.dat;749624918.38;0.0015848931925;61647.247928;2426.5469683;5.028415918673506
dcsH1He0el_1000log10e_-2805.dat;749624918.38;0.0015667510701;61293.397284;2416.1751639;5.006922930063907
dcsH1He0el_1000log10e_-2810.dat;749624918.38;0.0015488166189;60941.577716;2405.3253862;4.984439460502645
dcsH1He0el_1000log10e_-2815.dat;749624918.38;0.0015310874617;60591.777567;2393.9766559;4.9609220356010235
dcsH1He0el_1000log10e_-2820.dat;749624918.38;0.0015135612484;60243.985245;2382.1081172;4.936327436893427
dcsH1He0el_1000log10e_-2825.dat;749624918.38;0.0014962356561;59898.189225;2369.6990517;4.910612730641613
dcsH1He0el_1000log10e_-2830.dat;749624918.38;0.0014791083882;59554.378048;2356.7289107;4.883735334768445
dcsH1He0el_1000log10e_-2835.dat;749624918.38;0.0014621771745;59212.540322;2343.1773674;4.855653127029414
dcsH1He0el_1000log10e_-2840.dat;749624918.38;0.0014454397707;58872.66472;2329.0243899;4.826324596287029
dcsH1He0el_1000log10e_-2845.dat;749624918.38;0.0014288939585;58534.739978;2314.2503222;4.795709010363181
dcsH1He0el_1000log10e_-2850.dat;749624918.38;0.0014125375446;58198.7549;2298.8360178;4.763766692891972
dcsH1He0el_1000log10e_-2855.dat;749624918.38;0.0013963683611;57864.69835;2282.7629716;4.730459296649699
dcsH1He0el_1000log10e_-2860.dat;749624918.38;0.0013803842646;57532.559261;2266.0134951;4.695750166613344
dcsH1He0el_1000log10e_-2865.dat;749624918.38;0.0013645831366;57202.326626;2248.5709243;4.659604770781688
dcsH1He0el_1000log10e_-2870.dat;749624918.38;0.0013489628826;56873.989501;2230.4198663;4.621991211192561
dcsH1He0el_1000log10e_-2875.dat;749624918.38;0.0013335214322;56547.537007;2211.5464915;4.582880829434774
dcsH1He0el_1000log10e_-2880.dat;749624918.38;0.0013182567386;56222.958327;2191.9388816;4.542248927791686
dcsH1He0el_1000log10e_-2885.dat;749624918.38;0.0013031667785;55900.242704;2171.5874252;4.500075589023945
dcsH1He0el_1000log10e_-2890.dat;749624918.38;0.0012882495517;55579.379445;2150.4853156;4.456346707936359
dcsH1He0el_1000log10e_-2895.dat;749624918.38;0.001273503081;55260.357917;2128.6291064;4.411055142720899
dcsH1He0el_1000log10e_-2900.dat;749624918.38;0.0012589254118;54943.167549;2106.0193847;4.364202109996497
dcsH1He0el_1000log10e_-2905.dat;749624918.38;0.0012445146118;54627.797831;2082.6615671;4.3157988343213525
dcsH1He0el_1000log10e_-2910.dat;749624918.38;0.0012302687708;54314.238311;2058.5668485;4.265868514345275
dcsH1He0el_1000log10e_-2915.dat;749624918.38;0.0012161860006;54002.4786;2033.7533419;4.214448684762102
dcsH1He0el_1000log10e_-2920.dat;749624918.38;0.0012022644346;53692.508366;2008.2474368;4.161594031256315
dcsH1He0el_1000log10e_-2925.dat;749624918.38;0.0011885022274;53384.317339;1982.0854878;4.107379889707145
dcsH1He0el_1000log10e_-2930.dat;749624918.38;0.0011748975549;53077.895305;1955.3158518;4.051906467779607
dcsH1He0el_1000log10e_-2935.dat;749624918.38;0.0011614486138;52773.232112;1928.0014426;3.9953041386985153
dcsH1He0el_1000log10e_-2940.dat;749624918.38;0.0011481536215;52470.317662;1900.2229483;3.9377401085108943
dcsH1He0el_1000log10e_-2945.dat;749624918.38;0.0011350108157;52169.141919;1872.0829582;3.8794269680612423
dcsH1He0el_1000log10e_-2950.dat;749624918.38;0.0011220184543;51869.694902;1843.7113219;3.820633798395261
dcsH1He0el_1000log10e_-2955.dat;749624918.38;0.0011091748153;51571.96669;1815.2722671;3.76170092063253
dcsH1He0el_1000log10e_-2960.dat;749624918.38;0.0010964781961;51275.947415;1786.9737349;3.7030592410571845
dcsH1He0el_1000log10e_-2965.dat;749624918.38;0.001083926914;50981.627269;1759.0787342;3.645253780291858
dcsH1He0el_1000log10e_-2970.dat;749624918.38;0.0010715193052;50688.996498;1731.9114145;3.5889562576674026
dcsH1He0el_1000log10e_-2975.dat;749624918.38;0.0010592537252;50398.045407;1705.7720089;3.5347888317157063
dcsH1He0el_1000log10e_-2980.dat;749624918.38;0.0010471285481;50108.764353;2363.758958;4.898303361769014
dcsH1He0el_1000log10e_-2985.dat;749624918.38;0.0010351421667;49821.143752;2334.4348012;4.837536329941025
dcsH1He0el_1000log10e_-2990.dat;749624918.38;0.0010232929923;49535.174071;2310.2583344;4.787436607123967
dcsH1He0el_1000log10e_-2995.dat;749624918.38;0.0010115794543;49250.845835;2288.87294;4.743120688646853
dcsH1He0el_1000log10e_-3000.dat;749624918.38;0.001;48968.149622;2269.4784162;4.702930355022552
dcsH1He0el_1000log10e_-3005.dat;749624918.38;0.00098855309466;48687.076065;2251.6739314;4.666034982313232
dcsH1He0el_1000log10e_-3010.dat;749624918.38;0.00097723722096;48407.615849;2235.2236241;4.631945806140251
dcsH1He0el_1000log10e_-3015.dat;749624918.38;0.00096605087899;48129.759714;2219.9756918;4.600348253525024
dcsH1He0el_1000log10e_-3020.dat;749624918.38;0.00095499258602;47853.498452;2205.8268789;4.571028352881792
dcsH1He0el_1000log10e_-3025.dat;749624918.38;0.00094406087629;47578.82291;2192.7044255;4.54383532738893
dcsH1He0el_1000log10e_-3030.dat;749624918.38;0.0009332543008;47305.723985;2180.5559731;4.518660677059287
dcsH1He0el_1000log10e_-3035.dat;749624918.38;0.00092257142715;47034.192628;2169.3434411;4.495425489307311
dcsH1He0el_1000log10e_-3040.dat;749624918.38;0.00091201083936;46764.219841;2159.0391328;4.474072369601189
dcsH1He0el_1000log10e_-3045.dat;749624918.38;0.00090157113761;46495.796677;2149.6231109;4.454560002838426
dcsH1He0el_1000log10e_-3050.dat;749624918.38;0.00089125093813;46228.914243;2141.0814096;4.436859448367163
dcsH1He0el_1000log10e_-3055.dat;749624918.38;0.00088104887301;45963.563694;2133.404721;4.420951417876418
dcsH1He0el_1000log10e_-3060.dat;749624918.38;0.00087096358996;45699.736237;2126.587446;4.406824308622073
dcsH1He0el_1000log10e_-3065.dat;749624918.38;0.00086099375218;45437.423131;2120.626955;4.394472671411232
dcsH1He0el_1000log10e_-3070.dat;749624918.38;0.0008511380382;45176.615682;2115.5230515;4.383896099046447
dcsH1He0el_1000log10e_-3075.dat;749624918.38;0.00084139514165;44917.305249;2111.2775127;4.375098274333323
dcsH1He0el_1000log10e_-3080.dat;749624918.38;0.0008317637711;44659.483239;2107.89374;4.368086245828565
dcsH1He0el_1000log10e_-3085.dat;749624918.38;0.00082224264995;44403.141108;2105.3764461;4.362869779432447
dcsH1He0el_1000log10e_-3090.dat;749624918.38;0.00081283051616;44148.270361;2103.731429;4.359460890059938
dcsH1He0el_1000log10e_-3095.dat;749624918.38;0.00080352612219;43894.862554;2102.9653406;4.357873362121681
dcsH1He0el_1000log10e_-3100.dat;749624918.38;0.00079432823472;43642.90929;2103.0855031;4.3581223690585835
dcsH1He0el_1000log10e_-3105.dat;749624918.38;0.00078523563461;43392.402218;2104.0997214;4.36022408458742
dcsH1He0el_1000log10e_-3110.dat;749624918.38;0.00077624711663;43143.333038;2106.0161479;4.36419540253241
dcsH1He0el_1000log10e_-3115.dat;749624918.38;0.00076736148936;42895.693497;2108.8372779;4.370041493783051
dcsH1He0el_1000log10e_-3120.dat;749624918.38;0.00075857757503;42649.475389;2112.5890017;4.377816009555809
dcsH1He0el_1000log10e_-3125.dat;749624918.38;0.00074989420933;42404.670554;2117.2620681;4.387499779036372
dcsH1He0el_1000log10e_-3130.dat;749624918.38;0.0007413102413;42161.270881;2122.8703431;4.399121536065891
dcsH1He0el_1000log10e_-3135.dat;749624918.38;0.00073282453314;41919.268304;2129.4214639;4.412697106844541
dcsH1He0el_1000log10e_-3140.dat;749624918.38;0.00072443596007;41678.654804;2136.9225126;4.428241167265613
dcsH1He0el_1000log10e_-3145.dat;749624918.38;0.00071614341021;41439.422408;2145.3798852;4.445766971450556
dcsH1He0el_1000log10e_-3150.dat;749624918.38;0.00070794578438;41201.563188;2154.7991143;4.465285984338757
dcsH1He0el_1000log10e_-3155.dat;749624918.38;0.000699841996;40965.069262;2165.1846732;4.486807475733448
dcsH1He0el_1000log10e_-3160.dat;749624918.38;0.00069183097092;40729.932794;2176.53982;4.510338197237675
dcsH1He0el_1000log10e_-3165.dat;749624918.38;0.00068391164728;40496.145992;2188.8663692;4.535881908952028
dcsH1He0el_1000log10e_-3170.dat;749624918.38;0.00067608297539;40263.701108;2202.1644808;4.563438942436768
dcsH1He0el_1000log10e_-3175.dat;749624918.38;0.00066834391757;40032.590442;2216.4323881;4.593005636644933
dcsH1He0el_1000log10e_-3180.dat;749624918.38;0.00066069344801;39802.806333;2231.6661706;4.624573867313997
dcsH1He0el_1000log10e_-3185.dat;749624918.38;0.00065313055265;39574.341168;2247.8594344;4.658130384674237
dcsH1He0el_1000log10e_-3190.dat;749624918.38;0.00064565422903;39347.187377;2265.0029734;4.6936561113698945
dcsH1He0el_1000log10e_-3195.dat;749624918.38;0.00063826348619;39121.337431;2283.0844318;4.731125443074235
dcsH1He0el_1000log10e_-3200.dat;749624918.38;0.00063095734448;38896.783847;2302.0878829;4.770505375657167
dcsH1He0el_1000log10e_-3205.dat;749624918.38;0.00062373483548;38673.519184;2321.9933599;4.811754532884778
dcsH1He0el_1000log10e_-3210.dat;749624918.38;0.00061659500186;38451.536044;2342.7763692;4.854822157854458
dcsH1He0el_1000log10e_-3215.dat;749624918.38;0.00060953689724;38230.827071;2364.407297;4.899646883320787
dcsH1He0el_1000log10e_-3220.dat;749624918.38;0.00060255958607;38011.384951;2386.8507347;4.946155333754573
dcsH1He0el_1000log10e_-3225.dat;749624918.38;0.00059566214353;37793.202412;2410.0647542;4.994260623582107
dcsH1He0el_1000log10e_-3230.dat;749624918.38;0.00058884365536;37576.272225;2434.000027;5.04386053173869
dcsH1He0el_1000log10e_-3235.dat;749624918.38;0.00058210321777;37360.587202;2458.5988077;5.094835395224846
dcsH1He0el_1000log10e_-3240.dat;749624918.38;0.00057543993734;37146.140194;2483.7937942;5.147045747153917
dcsH1He0el_1000log10e_-3245.dat;749624918.38;0.00056885293084;36932.924097;2509.5067377;5.200329436322289
dcsH1He0el_1000log10e_-3250.dat;749624918.38;0.00056234132519;36720.931844;2535.6467949;5.254498212553149
dcsH1He0el_1000log10e_-3255.dat;749624918.38;0.00055590425727;36510.15641;2562.108596;5.3093337231063344
dcsH1He0el_1000log10e_-3260.dat;749624918.38;0.00054954087386;36300.590813;2588.7698406;5.364582530778172
dcsH1He0el_1000log10e_-3265.dat;749624918.38;0.00054325033149;36092.228106;2615.4883326;5.4199499694681705
dcsH1He0el_1000log10e_-3270.dat;749624918.38;0.00053703179637;35885.061386;2642.0983182;5.4750925555935295
dcsH1He0el_1000log10e_-3275.dat;749624918.38;0.00053088444423;35679.083787;2668.4056402;5.529607946579407
dcsH1He0el_1000log10e_-3280.dat;749624918.38;0.00052480746025;35474.288485;2694.1815637;5.583022146155653
dcsH1He0el_1000log10e_-3285.dat;749624918.38;0.00051880003893;35270.668692;2719.1542809;5.634771900164735
dcsH1He0el_1000log10e_-3290.dat;749624918.38;0.00051286138399;35068.217662;2742.9970288;5.684180073446159
dcsH1He0el_1000log10e_-3295.dat;749624918.38;0.00050699070827;34866.928686;2765.3107967;5.73041981542509
dcsH1He0el_1000log10e_-3300.dat;749624918.38;0.00050118723363;34666.795094;2785.5975639;5.772459101892464
dcsH1He0el_1000log10e_-3305.dat;749624918.38;0.0004954501908;34467.810254;2803.2163932;5.808969749688653
dcsH1He0el_1000log10e_-3310.dat;749624918.38;0.00048977881937;34269.967572;2817.3033771;5.838161525085641
dcsH1He0el_1000log10e_-3315.dat;749624918.38;0.00048417236758;34073.260493;2826.6065944;5.857440132331795
dcsH1He0el_1000log10e_-3320.dat;749624918.38;0.00047863009232;33877.682497;2829.0623421;5.862529059514431
dcsH1He0el_1000log10e_-3325.dat;749624918.38;0.00047315125896;33683.227105;2820.1047771;5.843966730811554
dcsH1He0el_1000log10e_-3330.dat;749624918.38;0.00046773514129;33489.887873;1635.2493914;3.3886482224070136
dcsH1He0el_1000log10e_-3335.dat;749624918.38;0.0004623810214;33297.658393;1603.66643;3.323200379057057
dcsH1He0el_1000log10e_-3340.dat;749624918.38;0.00045708818961;33106.532296;1579.6539421;3.2734404617833737
dcsH1He0el_1000log10e_-3345.dat;749624918.38;0.00045185594437;32916.503249;1560.0339606;3.232782923071977
dcsH1He0el_1000log10e_-3350.dat;749624918.38;0.00044668359215;32727.564955;1543.6184347;3.1987658227119593
dcsH1He0el_1000log10e_-3355.dat;749624918.38;0.00044157044735;32539.711152;1529.7802008;3.1700895199087884
dcsH1He0el_1000log10e_-3360.dat;749624918.38;0.00043651583224;32352.935617;1518.1329922;3.1459535728624464
dcsH1He0el_1000log10e_-3365.dat;749624918.38;0.00043151907683;32167.232159;1508.4163165;3.1258181757715344
dcsH1He0el_1000log10e_-3370.dat;749624918.38;0.0004265795188;31982.594625;1500.4435899;3.109296680051731
dcsH1He0el_1000log10e_-3375.dat;749624918.38;0.00042169650343;31799.016897;1494.0753542;3.0961000932202882
dcsH1He0el_1000log10e_-3380.dat;749624918.38;0.00041686938347;31616.492892;1489.2039637;3.086005346299549
dcsH1He0el_1000log10e_-3385.dat;749624918.38;0.0004120975191;31435.016561;1485.7443057;3.0788360643579127
dcsH1He0el_1000log10e_-3390.dat;749624918.38;0.0004073802778;31254.58189;1483.627778;3.0744500863743713
dcsH1He0el_1000log10e_-3395.dat;749624918.38;0.00040271703433;31075.182902;1482.798232;3.0727310583208594
dcsH1He0el_1000log10e_-3400.dat;749624918.38;0.00039810717055;30896.81365;1483.2092036;3.073582694890255
dcsH1He0el_1000log10e_-3405.dat;749624918.38;0.00039355007546;30719.468224;1484.8218515;3.0769245071351907
dcsH1He0el_1000log10e_-3410.dat;749624918.38;0.00038904514499;30543.140749;1487.6035267;3.0826888381120847
dcsH1He0el_1000log10e_-3415.dat;749624918.38;0.00038459178205;30367.825379;1491.5266202;3.0908184750255896
dcsH1He0el_1000log10e_-3420.dat;749624918.38;0.00038018939632;30193.516308;1496.5677629;3.101264991220058
dcsH1He0el_1000log10e_-3425.dat;749624918.38;0.00037583740429;30020.207757;1502.7071589;3.1139873646093803
dcsH1He0el_1000log10e_-3430.dat;749624918.38;0.0003715352291;29847.893984;1509.9280601;3.128950888915974
dcsH1He0el_1000log10e_-3435.dat;749624918.38;0.0003672823005;29676.56928;1518.21641;3.1461264355347542
dcsH1He0el_1000log10e_-3440.dat;749624918.38;0.00036307805477;29506.227967;1527.5604791;3.165489697990186
dcsH1He0el_1000log10e_-3445.dat;749624918.38;0.00035892193465;29336.864401;1537.9506613;3.1870207700258537
dcsH1He0el_1000log10e_-3450.dat;749624918.38;0.00035481338923;29168.472969;1549.3792248;3.210703629406577
dcsH1He0el_1000log10e_-3455.dat;749624918.38;0.00035075187395;29001.048091;1561.840196;3.2365258973300004
dcsH1He0el_1000log10e_-3460.dat;749624918.38;0.00034673685045;28834.58422;1575.3292148;3.264478538571775
dcsH1He0el_1000log10e_-3465.dat;749624918.38;0.00034276778655;28669.075839;1589.8434163;3.294555616338197
dcsH1He0el_1000log10e_-3470.dat;749624918.38;0.00033884415614;28504.517463;1605.3814016;3.3267542317564565
dcsH1He0el_1000log10e_-3475.dat;749624918.38;0.00033496543916;28340.903641;1621.9431298;3.3610743000714614
dcsH1He0el_1000log10e_-3480.dat;749624918.38;0.00033113112148;28178.22895;1639.5299318;3.397518579242911
dcsH1He0el_1000log10e_-3485.dat;749624918.38;0.00032734069488;28016.488;1658.1444344;3.436092512661395
dcsH1He0el_1000log10e_-3490.dat;749624918.38;0.00032359365693;27855.675431;1677.7906025;3.476804316597416
dcsH1He0el_1000log10e_-3495.dat;749624918.38;0.00031988951097;27695.785914;1698.473688;3.5196648743093273
dcsH1He0el_1000log10e_-3500.dat;749624918.38;0.00031622776602;27536.814151;1720.2002955;3.564687872190267
dcsH1He0el_1000log10e_-3505.dat;749624918.38;0.00031260793671;27378.754874;1742.9783523;3.6118897376006087
dcsH1He0el_1000log10e_-3510.dat;749624918.38;0.00030902954325;27221.602846;1766.8171877;3.661289803197516
dcsH1He0el_1000log10e_-3515.dat;749624918.38;0.00030549211132;27065.352858;1791.727556;3.7129103545967315
dcsH1He0el_1000log10e_-3520.dat;749624918.38;0.00030199517204;26909.999735;1817.7216667;3.766776692954572
dcsH1He0el_1000log10e_-3525.dat;749624918.38;0.00029853826189;26755.538326;1844.813294;3.822917361879489
dcsH1He0el_1000log10e_-3530.dat;749624918.38;0.00029512092267;26601.963515;1873.0119214;3.881352013569846
dcsH1He0el_1000log10e_-3535.dat;749624918.38;0.0002917427014;26449.270212;1902.3522266;3.942152508946113
dcsH1He0el_1000log10e_-3540.dat;749624918.38;0.00028840315031;26297.453357;1932.8354161;4.005321348179886
dcsH1He0el_1000log10e_-3545.dat;749624918.38;0.00028510182675;26146.507919;1964.4880799;4.070913632442097
dcsH1He0el_1000log10e_-3550.dat;749624918.38;0.00028183829313;25996.428897;1997.3328946;4.1389763533541375
dcsH1He0el_1000log10e_-3555.dat;749624918.38;0.00027861211686;25847.211318;2031.394673;4.209560929281338
dcsH1He0el_1000log10e_-3560.dat;749624918.38;0.00027542287033;25698.850236;2066.7004387;4.28272335992294
dcsH1He0el_1000log10e_-3565.dat;749624918.38;0.00027227013081;25551.340737;2103.2796308;4.358524650502004
dcsH1He0el_1000log10e_-3570.dat;749624918.38;0.00026915348039;25404.67793;2141.164205;4.437031021270054
dcsH1He0el_1000log10e_-3575.dat;749624918.38;0.00026607250598;25258.856958;2180.3888676;4.518314392413956
dcsH1He0el_1000log10e_-3580.dat;749624918.38;0.00026302679919;25113.872987;2220.991207;4.6024526565570065
dcsH1He0el_1000log10e_-3585.dat;749624918.38;0.00026001595632;24969.721213;2263.0119627;4.689530236194627
dcsH1He0el_1000log10e_-3590.dat;749624918.38;0.00025703957828;24826.39686;2306.4951939;4.779638433075985
dcsH1He0el_1000log10e_-3595.dat;749624918.38;0.00025409727055;24683.895178;2351.4885897;4.872876071016454
dcsH1He0el_1000log10e_-3600.dat;749624918.38;0.00025118864315;24542.211445;2398.0436837;4.969349940602811
dcsH1He0el_1000log10e_-3605.dat;749624918.38;0.00024831331053;24401.340966;2446.2162161;5.069175549555552
dcsH1He0el_1000log10e_-3610.dat;749624918.38;0.00024547089157;24261.279074;2496.0664039;5.172477682651288
dcsH1He0el_1000log10e_-3615.dat;749624918.38;0.00024266100951;24122.021126;2547.6593691;5.279391289060894
dcsH1He0el_1000log10e_-3620.dat;749624918.38;0.0002398832919;23983.562509;2601.0654803;5.390062190230662
dcsH1He0el_1000log10e_-3625.dat;749624918.38;0.00023713737057;23845.898634;2656.3608649;5.5046481412895885
dcsH1He0el_1000log10e_-3630.dat;749624918.38;0.00023442288153;23709.024939;2713.627845;5.623319734343871
dcsH1He0el_1000log10e_-3635.dat;749624918.38;0.000231739465;23572.936889;2772.955559;5.746261686588508
dcsH1He0el_1000log10e_-3640.dat;749624918.38;0.00022908676528;23437.629975;2834.4405239;5.873674005534407
dcsH1He0el_1000log10e_-3645.dat;749624918.38;0.00022646443076;23303.099712;2898.1874056;6.005773585263806
dcsH1He0el_1000log10e_-3650.dat;749624918.38;0.00022387211386;23169.341643;2964.3097547;6.142795731193034
dcsH1He0el_1000log10e_-3655.dat;749624918.38;0.00022130947096;23036.351335;3032.9309836;6.284996184869576
dcsH1He0el_1000log10e_-3660.dat;749624918.38;0.00021877616239;22904.124382;3104.1853494;6.432653160788209
dcsH1He0el_1000log10e_-3665.dat;749624918.38;0.00021627185237;22772.656402;3178.2192304;6.5860699916202075
dcsH1He0el_1000log10e_-3670.dat;749624918.38;0.00021379620895;22641.943038;3255.1924727;6.7455779187073945
dcsH1He0el_1000log10e_-3675.dat;749624918.38;0.00021134890398;22511.97996;3335.2801187;6.911539673949093
dcsH1He0el_1000log10e_-3680.dat;749624918.38;0.00020892961309;22382.76286;3418.6743238;7.084353451686825
dcsH1He0el_1000log10e_-3685.dat;749624918.38;0.00020653801558;22254.287456;3505.5867567;7.264457882729913
dcsH1He0el_1000log10e_-3690.dat;749624918.38;0.00020417379447;22126.549492;3596.2515164;7.452338079113495
dcsH1He0el_1000log10e_-3695.dat;749624918.38;0.00020183663637;21999.544734;3690.9286454;7.648532914332957
dcsH1He0el_1000log10e_-3700.dat;749624918.38;0.0001995262315;21873.268974;3789.9079765;7.853642994881525
dcsH1He0el_1000log10e_-3705.dat;749624918.38;0.00019724227361;21747.718028;3893.518326;8.068349710873973
dcsH1He0el_1000log10e_-3710.dat;749624918.38;0.00019498445998;21622.887735;4002.1370272;8.293434991857579
dcsH1He0el_1000log10e_-3715.dat;749624918.38;0.00019275249132;21498.773958;4116.1617497;8.52972290931051
dcsH1He0el_1000log10e_-3720.dat;749624918.38;0.0001905460718;21375.372586;4236.1111915;8.778288336010526
dcsH1He0el_1000log10e_-3725.dat;749624918.38;0.00018836490895;21252.679528;4362.5549322;9.0403115842141
dcsH1He0el_1000log10e_-3730.dat;749624918.38;0.00018620871367;21130.690719;4496.1877087;9.317232323597073
dcsH1He0el_1000log10e_-3735.dat;749624918.38;0.00018407720015;21009.402117;4637.8654486;9.610824251526637
dcsH1He0el_1000log10e_-3740.dat;749624918.38;0.00018197008586;20888.809703;4788.6800365;9.923350027648679
dcsH1He0el_1000log10e_-3745.dat;749624918.38;0.00017988709151;20768.90948;4950.0936764;10.257839706590614
dcsH1He0el_1000log10e_-3750.dat;749624918.38;0.000177827941;20649.697475;5124.2097483;10.618652020993185
dcsH1He0el_1000log10e_-3755.dat;749624918.38;0.0001757923614;20531.169739;5314.4218515;11.012819362549049
dcsH1He0el_1000log10e_-3760.dat;749624918.38;0.00017378008287;20413.322343;5527.5484901;11.45447138751703
dcsH1He0el_1000log10e_-3765.dat;749624918.38;0.00017179083872;20296.151382;5510.1762159;11.41847166392955
dcsH1He0el_1000log10e_-3770.dat;749624918.38;0.00016982436525;20179.652974;5515.2081096;11.42889901386866
dcsH1He0el_1000log10e_-3775.dat;749624918.38;0.00016788040181;20063.823258;5540.0233264;11.480322387416576
dcsH1He0el_1000log10e_-3780.dat;749624918.38;0.00016595869074;19948.658397;5573.1752929;11.549021604147882
dcsH1He0el_1000log10e_-3785.dat;749624918.38;0.00016405897732;19834.154573;5611.9743227;11.629422957026737
dcsH1He0el_1000log10e_-3790.dat;749624918.38;0.00016218100974;19720.307992;5655.1383968;11.718869780086298
dcsH1He0el_1000log10e_-3795.dat;749624918.38;0.00016032453907;19607.114883;5701.9134824;11.815799527625096
dcsH1He0el_1000log10e_-3800.dat;749624918.38;0.00015848931925;19494.571493;5751.8028431;11.919182836826845
dcsH1He0el_1000log10e_-3805.dat;749624918.38;0.00015667510701;19382.674095;5804.4545683;12.028290460375867
dcsH1He0el_1000log10e_-3810.dat;749624918.38;0.00015488166189;19271.418979;5859.6063987;12.142578931009359
dcsH1He0el_1000log10e_-3815.dat;749624918.38;0.00015310874617;19160.802459;5917.0552878;12.261627485286027
dcsH1He0el_1000log10e_-3820.dat;749624918.38;0.00015135612484;19050.82087;5976.6393461;12.385100647425064
dcsH1He0el_1000log10e_-3825.dat;749624918.38;0.00014962356561;18941.470567;6038.2265957;12.512724926007612
dcsH1He0el_1000log10e_-3830.dat;749624918.38;0.00014791083882;18832.747927;6101.7066527;12.644271577816594
dcsH1He0el_1000log10e_-3835.dat;749624918.38;0.00014621771745;18724.649346;6166.9865292;12.779547908524346
dcsH1He0el_1000log10e_-3840.dat;749624918.38;0.00014454397707;18617.171244;6233.9859777;12.91838762511791
dcsH1He0el_1000log10e_-3845.dat;749624918.38;0.00014288939585;18510.310058;6302.6358781;13.060647493357159
dcsH1He0el_1000log10e_-3850.dat;749624918.38;0.00014125375446;18404.062247;6372.8748375;13.206200291704791
dcsH1He0el_1000log10e_-3855.dat;749624918.38;0.00013963683611;18298.424291;6444.6485042;13.354933389761694
dcsH1He0el_1000log10e_-3860.dat;749624918.38;0.00013803842646;18193.392688;6517.9081839;13.506745880685159
dcsH1He0el_1000log10e_-3865.dat;749624918.38;0.00013645831366;18088.96396;6592.6098129;13.66154645340088
dcsH1He0el_1000log10e_-3870.dat;749624918.38;0.00013489628826;17985.134644;6668.7132786;13.819251984507993
dcsH1He0el_1000log10e_-3875.dat;749624918.38;0.00013335214322;17881.901302;6746.1817264;13.979786102001443
dcsH1He0el_1000log10e_-3880.dat;749624918.38;0.00013182567386;17779.260511;6824.9810846;14.143078200745252
dcsH1He0el_1000log10e_-3885.dat;749624918.38;0.00013031667785;17677.20887;6905.079675;14.309062635537726
dcsH1He0el_1000log10e_-3890.dat;749624918.38;0.00012882495517;17575.742998;6986.4477869;14.477677838332264
dcsH1He0el_1000log10e_-3895.dat;749624918.38;0.0001273503081;17474.859533;7069.0574647;14.648865878091094
dcsH1He0el_1000log10e_-3900.dat;749624918.38;0.00012589254118;17374.555132;7152.8821782;14.822571777563935
dcsH1He0el_1000log10e_-3905.dat;749624918.38;0.00012445146118;17274.82647;7237.8966366;14.998743127849174
dcsH1He0el_1000log10e_-3910.dat;749624918.38;0.00012302687708;17175.670244;7324.0766313;15.17732976263592
dcsH1He0el_1000log10e_-3915.dat;749624918.38;0.00012161860006;17077.083167;7411.3987931;15.3582832550613
dcsH1He0el_1000log10e_-3920.dat;749624918.38;0.00012022644346;16979.061973;7499.8405336;15.541556796276517
dcsH1He0el_1000log10e_-3925.dat;749624918.38;0.00011885022274;16881.603412;7589.3798363;15.727104762553484
dcsH1He0el_1000log10e_-3930.dat;749624918.38;0.00011748975549;16784.704257;7679.9951738;15.914882543702388
dcsH1He0el_1000log10e_-3935.dat;749624918.38;0.00011614486138;16688.361296;7771.6654347;16.104846391590094
dcsH1He0el_1000log10e_-3940.dat;749624918.38;0.00011481536215;16592.571336;7864.3697589;16.296953078840303
dcsH1He0el_1000log10e_-3945.dat;749624918.38;0.00011350108157;16497.331204;7958.0874835;16.491159786724737
dcsH1He0el_1000log10e_-3950.dat;749624918.38;0.00011220184543;16402.637743;8052.7980935;16.687424003001137
dcsH1He0el_1000log10e_-3955.dat;749624918.38;0.00011091748153;16308.487815;8148.4810653;16.885703197605885
dcsH1He0el_1000log10e_-3960.dat;749624918.38;0.00010964781961;16214.878301;8245.1158857;17.085954862026764
dcsH1He0el_1000log10e_-3965.dat;749624918.38;0.0001083926914;16121.806099;8342.6819021;17.28813619887969
dcsH1He0el_1000log10e_-3970.dat;749624918.38;0.00010715193052;16029.268124;8441.1613676;17.492210432122164
dcsH1He0el_1000log10e_-3975.dat;749624918.38;0.00010592537252;15937.261311;8540.5240309;17.69811487344833
dcsH1He0el_1000log10e_-3980.dat;749624918.38;0.00010471285481;15845.782609;8640.7577671;17.905824397014367
dcsH1He0el_1000log10e_-3985.dat;749624918.38;0.00010351421667;15754.828989;8741.8377905;18.115287640612955
dcsH1He0el_1000log10e_-3990.dat;749624918.38;0.00010232929923;15664.397436;8843.7420114;18.3264588288272
dcsH1He0el_1000log10e_-3995.dat;749624918.38;0.00010115794543;15574.484953;8946.4478182;18.539291104732058
dcsH1He0el_1000log10e_-4000.dat;749624918.38;0.0001;15485.088561;9049.9321149;18.753736607603813
