File_name;Red_mass;CM_energy;Rel_speed;Tot_sigma
dcsH1He0el_1000log10e_+0000.dat;7.4962491838E+8;1.0000000000E+0;1.5485088561E+6;2.2844582214E+2
dcsH1He0el_1000log10e_+0050.dat;7.4962491838E+8;1.1220184543E+0;1.6402637743E+6;2.3087879099E+2
dcsH1He0el_1000log10e_+0100.dat;7.4962491838E+8;1.2589254118E+0;1.7374555132E+6;2.3414095563E+2
dcsH1He0el_1000log10e_+0150.dat;7.4962491838E+8;1.4125375446E+0;1.8404062247E+6;2.2670967646E+2
dcsH1He0el_1000log10e_+0200.dat;7.4962491838E+8;1.5848931925E+0;1.9494571493E+6;2.0940419945E+2
dcsH1He0el_1000log10e_+0250.dat;7.4962491838E+8;1.7782794100E+0;2.0649697475E+6;1.9304592867E+2
dcsH1He0el_1000log10e_+0300.dat;7.4962491838E+8;1.9952623150E+0;2.1873268974E+6;1.8652379991E+2
dcsH1He0el_1000log10e_+0350.dat;7.4962491838E+8;2.2387211386E+0;2.3169341643E+6;1.8850854708E+2
dcsH1He0el_1000log10e_+0400.dat;7.4962491838E+8;2.5118864315E+0;2.4542211445E+6;1.9019965179E+2
dcsH1He0el_1000log10e_+0450.dat;7.4962491838E+8;2.8183829313E+0;2.5996428897E+6;1.8449995117E+2
dcsH1He0el_1000log10e_+0500.dat;7.4962491838E+8;3.1622776602E+0;2.7536814151E+6;1.7197865128E+2
dcsH1He0el_1000log10e_+0550.dat;7.4962491838E+8;3.5481338923E+0;2.9168472969E+6;1.5905440605E+2
dcsH1He0el_1000log10e_+0600.dat;7.4962491838E+8;3.9810717055E+0;3.0896813650E+6;1.5170506162E+2
dcsH1He0el_1000log10e_+0650.dat;7.4962491838E+8;4.4668359215E+0;3.2727564955E+6;1.5089287782E+2
dcsH1He0el_1000log10e_+0700.dat;7.4962491838E+8;5.0118723363E+0;3.4666795094E+6;1.5282172470E+2
dcsH1He0el_1000log10e_+0750.dat;7.4962491838E+8;5.6234132519E+0;3.6720931844E+6;1.5254962312E+2
dcsH1He0el_1000log10e_+0800.dat;7.4962491838E+8;6.3095734448E+0;3.8896783847E+6;1.4748957296E+2
dcsH1He0el_1000log10e_+0850.dat;7.4962491838E+8;7.0794578438E+0;4.1201563188E+6;1.3850786849E+2
dcsH1He0el_1000log10e_+0900.dat;7.4962491838E+8;7.9432823472E+0;4.3642909290E+6;1.2865257358E+2
dcsH1He0el_1000log10e_+0950.dat;7.4962491838E+8;8.9125093813E+0;4.6228914243E+6;1.2099497181E+2
dcsH1He0el_1000log10e_+1000.dat;7.4962491838E+8;1.0000000000E+1;4.8968149622E+6;1.1706065714E+2
dcsH1He0el_1000log10e_+1050.dat;7.4962491838E+8;1.1220184543E+1;5.1869694902E+6;1.1647063256E+2
dcsH1He0el_1000log10e_+1100.dat;7.4962491838E+8;1.2589254118E+1;5.4943167549E+6;1.1756153764E+2
dcsH1He0el_1000log10e_+1150.dat;7.4962491838E+8;1.4125375446E+1;5.8198754900E+6;1.1836977258E+2
dcsH1He0el_1000log10e_+1200.dat;7.4962491838E+8;1.5848931925E+1;6.1647247928E+6;1.1743724956E+2
dcsH1He0el_1000log10e_+1250.dat;7.4962491838E+8;1.7782794100E+1;6.5300077015E+6;1.1418448846E+2
dcsH1He0el_1000log10e_+1300.dat;7.4962491838E+8;1.9952623150E+1;6.9169349832E+6;1.0886907443E+2
dcsH1He0el_1000log10e_+1350.dat;7.4962491838E+8;2.2387211386E+1;7.3267891478E+6;1.0229376830E+2
dcsH1He0el_1000log10e_+1400.dat;7.4962491838E+8;2.5118864315E+1;7.7609286984E+6;9.5448525315E+1
dcsH1He0el_1000log10e_+1450.dat;7.4962491838E+8;2.8183829313E+1;8.2207926346E+6;8.9216631116E+1
dcsH1He0el_1000log10e_+1500.dat;7.4962491838E+8;3.1622776602E+1;8.7079052221E+6;8.4202403703E+1
dcsH1He0el_1000log10e_+1550.dat;7.4962491838E+8;3.5481338923E+1;9.2238810450E+6;8.0677156087E+1
dcsH1He0el_1000log10e_+1600.dat;7.4962491838E+8;3.9810717055E+1;9.7704303575E+6;7.8618065048E+1
dcsH1He0el_1000log10e_+1650.dat;7.4962491838E+8;4.4668359215E+1;1.0349364753E+7;7.7787268663E+1
dcsH1He0el_1000log10e_+1700.dat;7.4962491838E+8;5.0118723363E+1;1.0962603168E+7;7.7828318918E+1
dcsH1He0el_1000log10e_+1750.dat;7.4962491838E+8;5.6234132519E+1;1.1612178243E+7;7.8349936172E+1
dcsH1He0el_1000log10e_+1800.dat;7.4962491838E+8;6.3095734448E+1;1.2300243061E+7;7.8988197515E+1
dcsH1He0el_1000log10e_+1850.dat;7.4962491838E+8;7.0794578438E+1;1.3029078283E+7;7.9444521714E+1
dcsH1He0el_1000log10e_+1900.dat;7.4962491838E+8;7.9432823472E+1;1.3801099707E+7;7.9502457687E+1
dcsH1He0el_1000log10e_+1950.dat;7.4962491838E+8;8.9125093813E+1;1.4618866276E+7;7.9028625194E+1
dcsH1He0el_1000log10e_+2000.dat;7.4962491838E+8;1.0000000000E+2;1.5485088561E+7;7.7963611590E+1
dcsH1He0el_1000log10e_+2100.dat;7.4962491838E+8;1.2589254118E+2;1.7374555132E+7;7.4104437969E+1
dcsH1He0el_1000log10e_+2200.dat;7.4962491838E+8;1.5848931925E+2;1.9494571493E+7;6.8362651406E+1
dcsH1He0el_1000log10e_+2300.dat;7.4962491838E+8;1.9952623150E+2;2.1873268974E+7;6.1449293458E+1
dcsH1He0el_1000log10e_+2400.dat;7.4962491838E+8;2.5118864315E+2;2.4542211445E+7;5.4064623029E+1
dcsH1He0el_1000log10e_+2500.dat;7.4962491838E+8;3.1622776602E+2;2.7536814151E+7;4.6762795242E+1
dcsH1He0el_1000log10e_+2600.dat;7.4962491838E+8;3.9810717055E+2;3.0896813650E+7;3.9917703005E+1
dcsH1He0el_1000log10e_+2700.dat;7.4962491838E+8;5.0118723363E+2;3.4666795094E+7;3.3741652126E+1
dcsH1He0el_1000log10e_+2800.dat;7.4962491838E+8;6.3095734448E+2;3.8896783847E+7;2.8323603527E+1
dcsH1He0el_1000log10e_+2900.dat;7.4962491838E+8;7.9432823472E+2;4.3642909290E+7;2.3668649325E+1
dcsH1He0el_1000log10e_+3000.dat;7.4962491838E+8;1.0000000000E+3;4.8968149622E+7;1.9730883601E+1
dcsH1He0el_1000log10e_+3100.dat;7.4962491838E+8;1.2589254118E+3;5.4943167549E+7;1.6437638003E+1
dcsH1He0el_1000log10e_+3200.dat;7.4962491838E+8;1.5848931925E+3;6.1647247928E+7;1.3705859724E+1
dcsH1He0el_1000log10e_+3300.dat;7.4962491838E+8;1.9952623150E+3;6.9169349832E+7;1.1452306775E+1
dcsH1He0el_1000log10e_+3400.dat;7.4962491838E+8;2.5118864315E+3;7.7609286984E+7;9.5993133150E+0
dcsH1He0el_1000log10e_+3500.dat;7.4962491838E+8;3.1622776602E+3;8.7079052221E+7;8.0776265775E+0
dcsH1He0el_1000log10e_+3600.dat;7.4962491838E+8;3.9810717055E+3;9.7704303575E+7;6.8273337472E+0
dcsH1He0el_1000log10e_+3700.dat;7.4962491838E+8;5.0118723363E+3;1.0962603168E+8;5.7977513158E+0
dcsH1He0el_1000log10e_+3800.dat;7.4962491838E+8;6.3095734448E+3;1.2300243061E+8;4.9466980967E+0
dcsH1He0el_1000log10e_+3900.dat;7.4962491838E+8;7.9432823472E+3;1.3801099707E+8;4.2395199850E+0
dcsH1He0el_1000log10e_+4000.dat;7.4962491838E+8;1.0000000000E+4;1.5485088561E+8;3.6480448866E+0
dcsH1He0el_1000log10e_-0010.dat;7.4962491838E+8;9.7723722096E-1;1.5307832218E+6;2.2932224757E+2
dcsH1He0el_1000log10e_-0020.dat;7.4962491838E+8;9.5499258602E-1;1.5132604912E+6;2.3082890344E+2
dcsH1He0el_1000log10e_-0030.dat;7.4962491838E+8;9.3325430080E-1;1.4959383416E+6;2.3298221217E+2
dcsH1He0el_1000log10e_-0040.dat;7.4962491838E+8;9.1201083936E-1;1.4788144770E+6;2.3577453346E+2
dcsH1He0el_1000log10e_-0050.dat;7.4962491838E+8;8.9125093813E-1;1.4618866276E+6;2.3918886021E+2
dcsH1He0el_1000log10e_-0060.dat;7.4962491838E+8;8.7096358996E-1;1.4451525498E+6;2.4319089521E+2
dcsH1He0el_1000log10e_-0070.dat;7.4962491838E+8;8.5113803820E-1;1.4286100253E+6;2.4768689592E+2
dcsH1He0el_1000log10e_-0080.dat;7.4962491838E+8;8.3176377110E-1;1.4122568616E+6;2.5249385233E+2
dcsH1He0el_1000log10e_-0090.dat;7.4962491838E+8;8.1283051616E-1;1.3960908910E+6;2.5739883873E+2
dcsH1He0el_1000log10e_-0100.dat;7.4962491838E+8;7.9432823472E-1;1.3801099707E+6;2.6229894407E+2
dcsH1He0el_1000log10e_-0110.dat;7.4962491838E+8;7.7624711663E-1;1.3643119825E+6;2.6725789223E+2
dcsH1He0el_1000log10e_-0120.dat;7.4962491838E+8;7.5857757503E-1;1.3486948324E+6;2.7231635328E+2
dcsH1He0el_1000log10e_-0130.dat;7.4962491838E+8;7.4131024130E-1;1.3332564503E+6;2.7717580602E+2
dcsH1He0el_1000log10e_-0140.dat;7.4962491838E+8;7.2443596007E-1;1.3179947899E+6;2.8116438345E+2
dcsH1He0el_1000log10e_-0150.dat;7.4962491838E+8;7.0794578438E-1;1.3029078283E+6;2.8377774124E+2
dcsH1He0el_1000log10e_-0160.dat;7.4962491838E+8;6.9183097092E-1;1.2879935657E+6;2.8540016847E+2
dcsH1He0el_1000log10e_-0170.dat;7.4962491838E+8;6.7608297539E-1;1.2732500253E+6;2.8716846060E+2
dcsH1He0el_1000log10e_-0180.dat;7.4962491838E+8;6.6069344801E-1;1.2586752528E+6;2.8980057992E+2
dcsH1He0el_1000log10e_-0190.dat;7.4962491838E+8;6.4565422903E-1;1.2442673163E+6;2.9251581271E+2
dcsH1He0el_1000log10e_-0200.dat;7.4962491838E+8;6.3095734448E-1;1.2300243061E+6;2.9306118711E+2
dcsH1He0el_1000log10e_-0210.dat;7.4962491838E+8;6.1659500186E-1;1.2159443343E+6;2.8980285129E+2
dcsH1He0el_1000log10e_-0220.dat;7.4962491838E+8;6.0255958607E-1;1.2020255346E+6;2.8483416098E+2
dcsH1He0el_1000log10e_-0230.dat;7.4962491838E+8;5.8884365536E-1;1.1882660621E+6;2.8188524635E+2
dcsH1He0el_1000log10e_-0240.dat;7.4962491838E+8;5.7543993734E-1;1.1746640930E+6;2.8288604574E+2
dcsH1He0el_1000log10e_-0250.dat;7.4962491838E+8;5.6234132519E-1;1.1612178243E+6;2.8717201058E+2
dcsH1He0el_1000log10e_-0260.dat;7.4962491838E+8;5.4954087386E-1;1.1479254738E+6;2.9072568001E+2
dcsH1He0el_1000log10e_-0270.dat;7.4962491838E+8;5.3703179637E-1;1.1347852795E+6;2.8630506190E+2
dcsH1He0el_1000log10e_-0280.dat;7.4962491838E+8;5.2480746025E-1;1.1217954999E+6;2.7736642495E+2
dcsH1He0el_1000log10e_-0290.dat;7.4962491838E+8;5.1286138399E-1;1.1089544130E+6;2.7272196545E+2
dcsH1He0el_1000log10e_-0300.dat;7.4962491838E+8;5.0118723363E-1;1.0962603168E+6;2.7293780879E+2
dcsH1He0el_1000log10e_-0310.dat;7.4962491838E+8;4.8977881937E-1;1.0837115287E+6;2.7952598024E+2
dcsH1He0el_1000log10e_-0320.dat;7.4962491838E+8;4.7863009232E-1;1.0713063854E+6;2.9205010603E+2
dcsH1He0el_1000log10e_-0330.dat;7.4962491838E+8;4.6773514129E-1;1.0590432426E+6;3.0462623246E+2
dcsH1He0el_1000log10e_-0340.dat;7.4962491838E+8;4.5708818961E-1;1.0469204749E+6;2.9627074213E+2
dcsH1He0el_1000log10e_-0350.dat;7.4962491838E+8;4.4668359215E-1;1.0349364753E+6;2.9809988261E+2
dcsH1He0el_1000log10e_-0360.dat;7.4962491838E+8;4.3651583224E-1;1.0230896554E+6;2.9949779171E+2
dcsH1He0el_1000log10e_-0370.dat;7.4962491838E+8;4.2657951880E-1;1.0113784450E+6;3.0161462545E+2
dcsH1He0el_1000log10e_-0380.dat;7.4962491838E+8;4.1686938347E-1;9.9980129164E+5;3.0814572195E+2
dcsH1He0el_1000log10e_-0390.dat;7.4962491838E+8;4.0738027780E-1;9.8835666089E+5;3.2353842028E+2
dcsH1He0el_1000log10e_-0400.dat;7.4962491838E+8;3.9810717055E-1;9.7704303575E+5;3.3077565643E+2
dcsH1He0el_1000log10e_-0410.dat;7.4962491838E+8;3.8904514499E-1;9.6585891661E+5;3.4328948517E+2
dcsH1He0el_1000log10e_-0420.dat;7.4962491838E+8;3.8018939632E-1;9.5480282101E+5;3.5406013507E+2
dcsH1He0el_1000log10e_-0430.dat;7.4962491838E+8;3.7153522910E-1;9.4387328350E+5;3.5998578696E+2
dcsH1He0el_1000log10e_-0440.dat;7.4962491838E+8;3.6307805477E-1;9.3306885537E+5;3.5923766576E+2
dcsH1He0el_1000log10e_-0450.dat;7.4962491838E+8;3.5481338923E-1;9.2238810450E+5;3.5353436846E+2
dcsH1He0el_1000log10e_-0460.dat;7.4962491838E+8;3.4673685045E-1;9.1182961518E+5;3.5353059769E+2
dcsH1He0el_1000log10e_-0470.dat;7.4962491838E+8;3.3884415614E-1;9.0139198789E+5;3.5943313565E+2
dcsH1He0el_1000log10e_-0480.dat;7.4962491838E+8;3.3113112148E-1;8.9107383912E+5;3.6742268982E+2
dcsH1He0el_1000log10e_-0490.dat;7.4962491838E+8;3.2359365693E-1;8.8087380123E+5;3.7727638591E+2
dcsH1He0el_1000log10e_-0500.dat;7.4962491838E+8;3.1622776602E-1;8.7079052221E+5;3.8705993713E+2
dcsH1He0el_1000log10e_-0510.dat;7.4962491838E+8;3.0902954325E-1;8.6082266553E+5;3.9184870903E+2
dcsH1He0el_1000log10e_-0520.dat;7.4962491838E+8;3.0199517204E-1;8.5096890996E+5;3.7269692049E+2
dcsH1He0el_1000log10e_-0530.dat;7.4962491838E+8;2.9512092267E-1;8.4122794940E+5;3.6970500900E+2
dcsH1He0el_1000log10e_-0540.dat;7.4962491838E+8;2.8840315031E-1;8.3159849269E+5;3.6389726273E+2
dcsH1He0el_1000log10e_-0550.dat;7.4962491838E+8;2.8183829313E-1;8.2207926346E+5;3.5689220053E+2
dcsH1He0el_1000log10e_-0560.dat;7.4962491838E+8;2.7542287033E-1;8.1266899995E+5;3.5172869571E+2
dcsH1He0el_1000log10e_-0570.dat;7.4962491838E+8;2.6915348039E-1;8.0336645483E+5;3.5282786727E+2
dcsH1He0el_1000log10e_-0580.dat;7.4962491838E+8;2.6302679919E-1;7.9417039506E+5;3.5841665490E+2
dcsH1He0el_1000log10e_-0590.dat;7.4962491838E+8;2.5703957828E-1;7.8507960173E+5;3.6457438985E+2
dcsH1He0el_1000log10e_-0600.dat;7.4962491838E+8;2.5118864315E-1;7.7609286984E+5;3.7004957953E+2
dcsH1He0el_1000log10e_-0610.dat;7.4962491838E+8;2.4547089157E-1;7.6720900822E+5;3.7351959137E+2
dcsH1He0el_1000log10e_-0620.dat;7.4962491838E+8;2.3988329190E-1;7.5842683932E+5;3.7307146919E+2
dcsH1He0el_1000log10e_-0630.dat;7.4962491838E+8;2.3442288153E-1;7.4974519909E+5;3.6678180919E+2
dcsH1He0el_1000log10e_-0640.dat;7.4962491838E+8;2.2908676528E-1;7.4116293676E+5;3.5484253395E+2
dcsH1He0el_1000log10e_-0650.dat;7.4962491838E+8;2.2387211386E-1;7.3267891478E+5;3.5926822784E+2
dcsH1He0el_1000log10e_-0660.dat;7.4962491838E+8;2.1877616239E-1;7.2429200859E+5;3.6460282473E+2
dcsH1He0el_1000log10e_-0670.dat;7.4962491838E+8;2.1379620895E-1;7.1600110653E+5;3.7247131672E+2
dcsH1He0el_1000log10e_-0680.dat;7.4962491838E+8;2.0892961309E-1;7.0780510964E+5;3.8408361987E+2
dcsH1He0el_1000log10e_-0690.dat;7.4962491838E+8;2.0417379447E-1;6.9970293155E+5;3.9998074598E+2
dcsH1He0el_1000log10e_-0700.dat;7.4962491838E+8;1.9952623150E-1;6.9169349832E+5;4.1907452553E+2
dcsH1He0el_1000log10e_-0710.dat;7.4962491838E+8;1.9498445998E-1;6.8377574832E+5;4.2151763016E+2
dcsH1He0el_1000log10e_-0720.dat;7.4962491838E+8;1.9054607180E-1;6.7594863205E+5;4.3168664379E+2
dcsH1He0el_1000log10e_-0730.dat;7.4962491838E+8;1.8620871367E-1;6.6821111205E+5;4.3844904694E+2
dcsH1He0el_1000log10e_-0740.dat;7.4962491838E+8;1.8197008586E-1;6.6056216270E+5;4.4163090741E+2
dcsH1He0el_1000log10e_-0750.dat;7.4962491838E+8;1.7782794100E-1;6.5300077015E+5;4.4152400828E+2
dcsH1He0el_1000log10e_-0760.dat;7.4962491838E+8;1.7378008287E-1;6.4552593214E+5;4.3958225837E+2
dcsH1He0el_1000log10e_-0770.dat;7.4962491838E+8;1.6982436525E-1;6.3813665790E+5;4.3978311897E+2
dcsH1He0el_1000log10e_-0780.dat;7.4962491838E+8;1.6595869074E-1;6.3083196798E+5;4.6711479254E+2
dcsH1He0el_1000log10e_-0790.dat;7.4962491838E+8;1.6218100974E-1;6.2361089416E+5;4.7841142456E+2
dcsH1He0el_1000log10e_-0800.dat;7.4962491838E+8;1.5848931925E-1;6.1647247928E+5;4.8919358480E+2
dcsH1He0el_1000log10e_-0810.dat;7.4962491838E+8;1.5488166189E-1;6.0941577716E+5;4.9921455887E+2
dcsH1He0el_1000log10e_-0820.dat;7.4962491838E+8;1.5135612484E-1;6.0243985245E+5;5.0742316326E+2
dcsH1He0el_1000log10e_-0830.dat;7.4962491838E+8;1.4791083882E-1;5.9554378048E+5;5.1161195340E+2
dcsH1He0el_1000log10e_-0840.dat;7.4962491838E+8;1.4454397707E-1;5.8872664720E+5;4.9546009106E+2
dcsH1He0el_1000log10e_-0850.dat;7.4962491838E+8;1.4125375446E-1;5.8198754900E+5;4.9484954138E+2
dcsH1He0el_1000log10e_-0860.dat;7.4962491838E+8;1.3803842646E-1;5.7532559261E+5;4.9035680684E+2
dcsH1He0el_1000log10e_-0870.dat;7.4962491838E+8;1.3489628826E-1;5.6873989501E+5;4.8364725767E+2
dcsH1He0el_1000log10e_-0880.dat;7.4962491838E+8;1.3182567386E-1;5.6222958327E+5;4.7600429222E+2
dcsH1He0el_1000log10e_-0890.dat;7.4962491838E+8;1.2882495517E-1;5.5579379445E+5;4.6909314168E+2
dcsH1He0el_1000log10e_-0900.dat;7.4962491838E+8;1.2589254118E-1;5.4943167549E+5;4.6519413617E+2
dcsH1He0el_1000log10e_-0910.dat;7.4962491838E+8;1.2302687708E-1;5.4314238311E+5;4.6779796734E+2
dcsH1He0el_1000log10e_-0920.dat;7.4962491838E+8;1.2022644346E-1;5.3692508366E+5;4.8868580624E+2
dcsH1He0el_1000log10e_-0930.dat;7.4962491838E+8;1.1748975549E-1;5.3077895305E+5;4.8994834120E+2
dcsH1He0el_1000log10e_-0940.dat;7.4962491838E+8;1.1481536215E-1;5.2470317662E+5;4.8968344537E+2
dcsH1He0el_1000log10e_-0950.dat;7.4962491838E+8;1.1220184543E-1;5.1869694902E+5;4.8776556292E+2
dcsH1He0el_1000log10e_-0960.dat;7.4962491838E+8;1.0964781961E-1;5.1275947415E+5;4.8362035256E+2
dcsH1He0el_1000log10e_-0970.dat;7.4962491838E+8;1.0715193052E-1;5.0688996498E+5;4.7636193508E+2
dcsH1He0el_1000log10e_-0980.dat;7.4962491838E+8;1.0471285481E-1;5.0108764353E+5;4.6484560972E+2
dcsH1He0el_1000log10e_-0990.dat;7.4962491838E+8;1.0232929923E-1;4.9535174071E+5;4.5947461333E+2
dcsH1He0el_1000log10e_-1000.dat;7.4962491838E+8;1.0000000000E-1;4.8968149622E+5;4.6225209544E+2
dcsH1He0el_1000log10e_-1010.dat;7.4962491838E+8;9.7723722096E-2;4.8407615849E+5;4.6489336391E+2
dcsH1He0el_1000log10e_-1020.dat;7.4962491838E+8;9.5499258602E-2;4.7853498452E+5;4.6901733740E+2
dcsH1He0el_1000log10e_-1030.dat;7.4962491838E+8;9.3325430080E-2;4.7305723985E+5;4.7550549719E+2
dcsH1He0el_1000log10e_-1040.dat;7.4962491838E+8;9.1201083936E-2;4.6764219841E+5;4.8507116275E+2
dcsH1He0el_1000log10e_-1050.dat;7.4962491838E+8;8.9125093813E-2;4.6228914243E+5;4.9823697943E+2
dcsH1He0el_1000log10e_-1060.dat;7.4962491838E+8;8.7096358996E-2;4.5699736237E+5;5.1517692782E+2
dcsH1He0el_1000log10e_-1070.dat;7.4962491838E+8;8.5113803820E-2;4.5176615682E+5;5.3577559977E+2
dcsH1He0el_1000log10e_-1080.dat;7.4962491838E+8;8.3176377110E-2;4.4659483239E+5;5.4674571325E+2
dcsH1He0el_1000log10e_-1090.dat;7.4962491838E+8;8.1283051616E-2;4.4148270361E+5;5.5596505157E+2
dcsH1He0el_1000log10e_-1100.dat;7.4962491838E+8;7.9432823472E-2;4.3642909290E+5;5.6323372969E+2
dcsH1He0el_1000log10e_-1110.dat;7.4962491838E+8;7.7624711663E-2;4.3143333038E+5;5.6860739926E+2
dcsH1He0el_1000log10e_-1120.dat;7.4962491838E+8;7.5857757503E-2;4.2649475389E+5;5.7207423421E+2
dcsH1He0el_1000log10e_-1130.dat;7.4962491838E+8;7.4131024130E-2;4.2161270881E+5;5.7377664612E+2
dcsH1He0el_1000log10e_-1140.dat;7.4962491838E+8;7.2443596007E-2;4.1678654804E+5;5.7423667569E+2
dcsH1He0el_1000log10e_-1150.dat;7.4962491838E+8;7.0794578438E-2;4.1201563188E+5;5.7473852151E+2
dcsH1He0el_1000log10e_-1160.dat;7.4962491838E+8;6.9183097092E-2;4.0729932794E+5;6.2708567854E+2
dcsH1He0el_1000log10e_-1170.dat;7.4962491838E+8;6.7608297539E-2;4.0263701108E+5;6.4245051045E+2
dcsH1He0el_1000log10e_-1180.dat;7.4962491838E+8;6.6069344801E-2;3.9802806333E+5;6.5623913289E+2
dcsH1He0el_1000log10e_-1190.dat;7.4962491838E+8;6.4565422903E-2;3.9347187377E+5;6.6907552671E+2
dcsH1He0el_1000log10e_-1200.dat;7.4962491838E+8;6.3095734448E-2;3.8896783847E+5;6.8100055822E+2
dcsH1He0el_1000log10e_-1210.dat;7.4962491838E+8;6.1659500186E-2;3.8451536044E+5;6.9176198443E+2
dcsH1He0el_1000log10e_-1220.dat;7.4962491838E+8;6.0255958607E-2;3.8011384951E+5;7.0079189729E+2
dcsH1He0el_1000log10e_-1230.dat;7.4962491838E+8;5.8884365536E-2;3.7576272225E+5;7.0708346692E+2
dcsH1He0el_1000log10e_-1240.dat;7.4962491838E+8;5.7543993734E-2;3.7146140194E+5;7.0889365166E+2
dcsH1He0el_1000log10e_-1250.dat;7.4962491838E+8;5.6234132519E-2;3.6720931844E+5;7.0211540790E+2
dcsH1He0el_1000log10e_-1260.dat;7.4962491838E+8;5.4954087386E-2;3.6300590813E+5;6.9766382114E+2
dcsH1He0el_1000log10e_-1270.dat;7.4962491838E+8;5.3703179637E-2;3.5885061386E+5;6.9392458000E+2
dcsH1He0el_1000log10e_-1280.dat;7.4962491838E+8;5.2480746025E-2;3.5474288485E+5;6.8803606067E+2
dcsH1He0el_1000log10e_-1290.dat;7.4962491838E+8;5.1286138399E-2;3.5068217662E+5;6.8074004453E+2
dcsH1He0el_1000log10e_-1300.dat;7.4962491838E+8;5.0118723363E-2;3.4666795094E+5;6.7275276317E+2
dcsH1He0el_1000log10e_-1310.dat;7.4962491838E+8;4.8977881937E-2;3.4269967572E+5;6.6490254315E+2
dcsH1He0el_1000log10e_-1320.dat;7.4962491838E+8;4.7863009232E-2;3.3877682497E+5;6.5821063818E+2
dcsH1He0el_1000log10e_-1330.dat;7.4962491838E+8;4.6773514129E-2;3.3489887873E+5;6.5398415755E+2
dcsH1He0el_1000log10e_-1340.dat;7.4962491838E+8;4.5708818961E-2;3.3106532296E+5;6.5403315135E+2
dcsH1He0el_1000log10e_-1350.dat;7.4962491838E+8;4.4668359215E-2;3.2727564955E+5;6.6240397119E+2
dcsH1He0el_1000log10e_-1360.dat;7.4962491838E+8;4.3651583224E-2;3.2352935617E+5;7.0486824713E+2
dcsH1He0el_1000log10e_-1370.dat;7.4962491838E+8;4.2657951880E-2;3.1982594625E+5;7.0040194522E+2
dcsH1He0el_1000log10e_-1380.dat;7.4962491838E+8;4.1686938347E-2;3.1616492892E+5;6.9433452305E+2
dcsH1He0el_1000log10e_-1390.dat;7.4962491838E+8;4.0738027780E-2;3.1254581890E+5;6.8690890404E+2
dcsH1He0el_1000log10e_-1400.dat;7.4962491838E+8;3.9810717055E-2;3.0896813650E+5;6.7812536861E+2
dcsH1He0el_1000log10e_-1410.dat;7.4962491838E+8;3.8904514499E-2;3.0543140749E+5;6.6784422738E+2
dcsH1He0el_1000log10e_-1420.dat;7.4962491838E+8;3.8018939632E-2;3.0193516308E+5;6.5582320938E+2
dcsH1He0el_1000log10e_-1430.dat;7.4962491838E+8;3.7153522910E-2;2.9847893984E+5;6.4174444359E+2
dcsH1He0el_1000log10e_-1440.dat;7.4962491838E+8;3.6307805477E-2;2.9506227967E+5;6.2523928103E+2
dcsH1He0el_1000log10e_-1450.dat;7.4962491838E+8;3.5481338923E-2;2.9168472969E+5;6.0585554028E+2
dcsH1He0el_1000log10e_-1460.dat;7.4962491838E+8;3.4673685045E-2;2.8834584220E+5;6.4326050697E+2
dcsH1He0el_1000log10e_-1470.dat;7.4962491838E+8;3.3884415614E-2;2.8504517463E+5;6.4673599783E+2
dcsH1He0el_1000log10e_-1480.dat;7.4962491838E+8;3.3113112148E-2;2.8178228950E+5;6.4998433287E+2
dcsH1He0el_1000log10e_-1490.dat;7.4962491838E+8;3.2359365693E-2;2.7855675431E+5;6.5438472787E+2
dcsH1He0el_1000log10e_-1500.dat;7.4962491838E+8;3.1622776602E-2;2.7536814151E+5;6.6048652224E+2
dcsH1He0el_1000log10e_-1510.dat;7.4962491838E+8;3.0902954325E-2;2.7221602846E+5;6.6865777730E+2
dcsH1He0el_1000log10e_-1520.dat;7.4962491838E+8;3.0199517204E-2;2.6909999735E+5;6.7916037172E+2
dcsH1He0el_1000log10e_-1530.dat;7.4962491838E+8;2.9512092267E-2;2.6601963515E+5;6.9215321596E+2
dcsH1He0el_1000log10e_-1540.dat;7.4962491838E+8;2.8840315031E-2;2.6297453357E+5;7.0766235472E+2
dcsH1He0el_1000log10e_-1550.dat;7.4962491838E+8;2.8183829313E-2;2.5996428897E+5;7.2551829553E+2
dcsH1He0el_1000log10e_-1560.dat;7.4962491838E+8;2.7542287033E-2;2.5698850236E+5;7.4524242624E+2
dcsH1He0el_1000log10e_-1570.dat;7.4962491838E+8;2.6915348039E-2;2.5404677930E+5;7.6582526443E+2
dcsH1He0el_1000log10e_-1580.dat;7.4962491838E+8;2.6302679919E-2;2.5113872987E+5;7.8358932639E+2
dcsH1He0el_1000log10e_-1590.dat;7.4962491838E+8;2.5703957828E-2;2.4826396860E+5;7.9517131372E+2
dcsH1He0el_1000log10e_-1600.dat;7.4962491838E+8;2.5118864315E-2;2.4542211445E+5;8.0478865362E+2
dcsH1He0el_1000log10e_-1610.dat;7.4962491838E+8;2.4547089157E-2;2.4261279074E+5;8.1341476208E+2
dcsH1He0el_1000log10e_-1620.dat;7.4962491838E+8;2.3988329190E-2;2.3983562509E+5;8.2130379644E+2
dcsH1He0el_1000log10e_-1630.dat;7.4962491838E+8;2.3442288153E-2;2.3709024939E+5;8.2859386096E+2
dcsH1He0el_1000log10e_-1640.dat;7.4962491838E+8;2.2908676528E-2;2.3437629975E+5;8.3541482107E+2
dcsH1He0el_1000log10e_-1650.dat;7.4962491838E+8;2.2387211386E-2;2.3169341643E+5;8.4194495469E+2
dcsH1He0el_1000log10e_-1660.dat;7.4962491838E+8;2.1877616239E-2;2.2904124382E+5;8.4846068329E+2
dcsH1He0el_1000log10e_-1670.dat;7.4962491838E+8;2.1379620895E-2;2.2641943038E+5;8.5539472137E+2
dcsH1He0el_1000log10e_-1680.dat;7.4962491838E+8;2.0892961309E-2;2.2382762860E+5;8.6341740822E+2
dcsH1He0el_1000log10e_-1690.dat;7.4962491838E+8;2.0417379447E-2;2.2126549492E+5;8.7357299698E+2
dcsH1He0el_1000log10e_-1700.dat;7.4962491838E+8;1.9952623150E-2;2.1873268974E+5;8.8758392168E+2
dcsH1He0el_1000log10e_-1710.dat;7.4962491838E+8;1.9498445998E-2;2.1622887735E+5;9.0913774387E+2
dcsH1He0el_1000log10e_-1720.dat;7.4962491838E+8;1.9054607180E-2;2.1375372586E+5;1.0551103686E+3
dcsH1He0el_1000log10e_-1730.dat;7.4962491838E+8;1.8620871367E-2;2.1130690719E+5;1.0710013466E+3
dcsH1He0el_1000log10e_-1740.dat;7.4962491838E+8;1.8197008586E-2;2.0888809703E+5;1.0849775177E+3
dcsH1He0el_1000log10e_-1750.dat;7.4962491838E+8;1.7782794100E-2;2.0649697475E+5;1.0972644757E+3
dcsH1He0el_1000log10e_-1760.dat;7.4962491838E+8;1.7378008287E-2;2.0413322343E+5;1.1078611767E+3
dcsH1He0el_1000log10e_-1770.dat;7.4962491838E+8;1.6982436525E-2;2.0179652974E+5;1.1166485594E+3
dcsH1He0el_1000log10e_-1780.dat;7.4962491838E+8;1.6595869074E-2;1.9948658397E+5;1.1234153552E+3
dcsH1He0el_1000log10e_-1790.dat;7.4962491838E+8;1.6218100974E-2;1.9720307992E+5;1.1278610711E+3
dcsH1He0el_1000log10e_-1800.dat;7.4962491838E+8;1.5848931925E-2;1.9494571493E+5;1.1295887163E+3
dcsH1He0el_1000log10e_-1810.dat;7.4962491838E+8;1.5488166189E-2;1.9271418979E+5;1.1280900601E+3
dcsH1He0el_1000log10e_-1820.dat;7.4962491838E+8;1.5135612484E-2;1.9050820870E+5;1.1227228589E+3
dcsH1He0el_1000log10e_-1830.dat;7.4962491838E+8;1.4791083882E-2;1.8832747927E+5;1.1126707321E+3
dcsH1He0el_1000log10e_-1840.dat;7.4962491838E+8;1.4454397707E-2;1.8617171244E+5;1.0968560844E+3
dcsH1He0el_1000log10e_-1850.dat;7.4962491838E+8;1.4125375446E-2;1.8404062247E+5;1.0736578549E+3
dcsH1He0el_1000log10e_-1860.dat;7.4962491838E+8;1.3803842646E-2;1.8193392688E+5;1.0388564326E+3
dcsH1He0el_1000log10e_-1870.dat;7.4962491838E+8;1.3489628826E-2;1.7985134644E+5;1.1146745692E+3
dcsH1He0el_1000log10e_-1880.dat;7.4962491838E+8;1.3182567386E-2;1.7779260511E+5;1.1072368417E+3
dcsH1He0el_1000log10e_-1890.dat;7.4962491838E+8;1.2882495517E-2;1.7575742998E+5;1.0985421347E+3
dcsH1He0el_1000log10e_-1900.dat;7.4962491838E+8;1.2589254118E-2;1.7374555132E+5;1.0891351969E+3
dcsH1He0el_1000log10e_-1910.dat;7.4962491838E+8;1.2302687708E-2;1.7175670244E+5;1.0794558342E+3
dcsH1He0el_1000log10e_-1920.dat;7.4962491838E+8;1.2022644346E-2;1.6979061973E+5;1.0699121794E+3
dcsH1He0el_1000log10e_-1930.dat;7.4962491838E+8;1.1748975549E-2;1.6784704257E+5;1.0609064562E+3
dcsH1He0el_1000log10e_-1940.dat;7.4962491838E+8;1.1481536215E-2;1.6592571336E+5;1.0528454658E+3
dcsH1He0el_1000log10e_-1950.dat;7.4962491838E+8;1.1220184543E-2;1.6402637743E+5;1.0461434229E+3
dcsH1He0el_1000log10e_-1960.dat;7.4962491838E+8;1.0964781961E-2;1.6214878301E+5;1.0412190167E+3
dcsH1He0el_1000log10e_-1970.dat;7.4962491838E+8;1.0715193052E-2;1.6029268124E+5;1.0384865020E+3
dcsH1He0el_1000log10e_-1980.dat;7.4962491838E+8;1.0471285481E-2;1.5845782609E+5;1.0383392861E+3
dcsH1He0el_1000log10e_-1990.dat;7.4962491838E+8;1.0232929923E-2;1.5664397436E+5;1.0411233920E+3
dcsH1He0el_1000log10e_-2000.dat;7.4962491838E+8;1.0000000000E-2;1.5485088561E+5;1.0470973279E+3
dcsH1He0el_1000log10e_-2005.dat;7.4962491838E+8;9.8855309466E-3;1.5396205298E+5;1.0513241108E+3
dcsH1He0el_1000log10e_-2010.dat;7.4962491838E+8;9.7723722096E-3;1.5307832218E+5;1.0563782652E+3
dcsH1He0el_1000log10e_-2015.dat;7.4962491838E+8;9.6605087899E-3;1.5219966393E+5;1.0622470725E+3
dcsH1He0el_1000log10e_-2020.dat;7.4962491838E+8;9.5499258602E-3;1.5132604912E+5;1.0689225221E+3
dcsH1He0el_1000log10e_-2025.dat;7.4962491838E+8;9.4406087629E-3;1.5045744879E+5;1.0764905973E+3
dcsH1He0el_1000log10e_-2030.dat;7.4962491838E+8;9.3325430080E-3;1.4959383416E+5;1.1035863840E+3
dcsH1He0el_1000log10e_-2035.dat;7.4962491838E+8;9.2257142715E-3;1.4873517661E+5;1.0945353521E+3
dcsH1He0el_1000log10e_-2040.dat;7.4962491838E+8;9.1201083936E-3;1.4788144770E+5;1.0853712718E+3
dcsH1He0el_1000log10e_-2045.dat;7.4962491838E+8;9.0157113761E-3;1.4703261912E+5;1.0760446104E+3
dcsH1He0el_1000log10e_-2050.dat;7.4962491838E+8;8.9125093813E-3;1.4618866276E+5;1.0665989826E+3
dcsH1He0el_1000log10e_-2055.dat;7.4962491838E+8;8.8104887301E-3;1.4534955065E+5;1.0570302245E+3
dcsH1He0el_1000log10e_-2060.dat;7.4962491838E+8;8.7096358996E-3;1.4451525498E+5;1.0474016955E+3
dcsH1He0el_1000log10e_-2065.dat;7.4962491838E+8;8.6099375218E-3;1.4368574810E+5;1.0377249253E+3
dcsH1He0el_1000log10e_-2070.dat;7.4962491838E+8;8.5113803820E-3;1.4286100253E+5;1.0280201766E+3
dcsH1He0el_1000log10e_-2075.dat;7.4962491838E+8;8.4139514165E-3;1.4204099094E+5;1.0183051841E+3
dcsH1He0el_1000log10e_-2080.dat;7.4962491838E+8;8.3176377110E-3;1.4122568616E+5;1.0085957304E+3
dcsH1He0el_1000log10e_-2085.dat;7.4962491838E+8;8.2224264995E-3;1.4041506117E+5;9.9890614846E+2
dcsH1He0el_1000log10e_-2090.dat;7.4962491838E+8;8.1283051616E-3;1.3960908910E+5;9.8924975670E+2
dcsH1He0el_1000log10e_-2095.dat;7.4962491838E+8;8.0352612219E-3;1.3880774325E+5;9.7963926069E+2
dcsH1He0el_1000log10e_-2100.dat;7.4962491838E+8;7.9432823472E-3;1.3801099707E+5;9.7008715383E+2
dcsH1He0el_1000log10e_-2105.dat;7.4962491838E+8;7.8523563461E-3;1.3721882415E+5;9.6060610640E+2
dcsH1He0el_1000log10e_-2110.dat;7.4962491838E+8;7.7624711663E-3;1.3643119825E+5;9.5120939003E+2
dcsH1He0el_1000log10e_-2115.dat;7.4962491838E+8;7.6736148936E-3;1.3564809326E+5;9.4191131644E+2
dcsH1He0el_1000log10e_-2120.dat;7.4962491838E+8;7.5857757503E-3;1.3486948324E+5;9.3272773586E+2
dcsH1He0el_1000log10e_-2125.dat;7.4962491838E+8;7.4989420933E-3;1.3409534238E+5;9.2367658262E+2
dcsH1He0el_1000log10e_-2130.dat;7.4962491838E+8;7.4131024130E-3;1.3332564503E+5;9.1477849145E+2
dcsH1He0el_1000log10e_-2135.dat;7.4962491838E+8;7.3282453314E-3;1.3256036569E+5;9.0605751377E+2
dcsH1He0el_1000log10e_-2140.dat;7.4962491838E+8;7.2443596007E-3;1.3179947899E+5;8.9754192604E+2
dcsH1He0el_1000log10e_-2145.dat;7.4962491838E+8;7.1614341021E-3;1.3104295973E+5;8.8926518947E+2
dcsH1He0el_1000log10e_-2150.dat;7.4962491838E+8;7.0794578438E-3;1.3029078283E+5;8.8126705766E+2
dcsH1He0el_1000log10e_-2155.dat;7.4962491838E+8;6.9984199600E-3;1.2954292337E+5;8.7359490986E+2
dcsH1He0el_1000log10e_-2160.dat;7.4962491838E+8;6.9183097092E-3;1.2879935657E+5;8.6630533162E+2
dcsH1He0el_1000log10e_-2165.dat;7.4962491838E+8;6.8391164728E-3;1.2806005779E+5;8.5946605823E+2
dcsH1He0el_1000log10e_-2170.dat;7.4962491838E+8;6.7608297539E-3;1.2732500253E+5;8.5315836231E+2
dcsH1He0el_1000log10e_-2175.dat;7.4962491838E+8;6.6834391757E-3;1.2659416643E+5;8.4748009597E+2
dcsH1He0el_1000log10e_-2180.dat;7.4962491838E+8;6.6069344801E-3;1.2586752528E+5;8.4254962947E+2
dcsH1He0el_1000log10e_-2185.dat;7.4962491838E+8;6.5313055265E-3;1.2514505499E+5;8.3851118207E+2
dcsH1He0el_1000log10e_-2190.dat;7.4962491838E+8;6.4565422903E-3;1.2442673163E+5;8.3554232011E+2
dcsH1He0el_1000log10e_-2195.dat;7.4962491838E+8;6.3826348619E-3;1.2371253139E+5;8.3386521104E+2
dcsH1He0el_1000log10e_-2200.dat;7.4962491838E+8;6.3095734448E-3;1.2300243061E+5;8.3376484412E+2
dcsH1He0el_1000log10e_-2205.dat;7.4962491838E+8;6.2373483548E-3;1.2229640576E+5;8.3562205569E+2
dcsH1He0el_1000log10e_-2210.dat;7.4962491838E+8;6.1659500186E-3;1.2159443343E+5;8.3998399744E+2
dcsH1He0el_1000log10e_-2215.dat;7.4962491838E+8;6.0953689724E-3;1.2089649038E+5;8.4776396666E+2
dcsH1He0el_1000log10e_-2220.dat;7.4962491838E+8;6.0255958607E-3;1.2020255346E+5;8.6159108081E+2
dcsH1He0el_1000log10e_-2225.dat;7.4962491838E+8;5.9566214353E-3;1.1951259970E+5;1.1661045563E+3
dcsH1He0el_1000log10e_-2230.dat;7.4962491838E+8;5.8884365536E-3;1.1882660621E+5;1.1704853360E+3
dcsH1He0el_1000log10e_-2235.dat;7.4962491838E+8;5.8210321777E-3;1.1814455028E+5;1.1756061392E+3
dcsH1He0el_1000log10e_-2240.dat;7.4962491838E+8;5.7543993734E-3;1.1746640930E+5;1.1813537237E+3
dcsH1He0el_1000log10e_-2245.dat;7.4962491838E+8;5.6885293084E-3;1.1679216080E+5;1.1876907659E+3
dcsH1He0el_1000log10e_-2250.dat;7.4962491838E+8;5.6234132519E-3;1.1612178243E+5;1.1946015858E+3
dcsH1He0el_1000log10e_-2255.dat;7.4962491838E+8;5.5590425727E-3;1.1545525199E+5;1.2020779856E+3
dcsH1He0el_1000log10e_-2260.dat;7.4962491838E+8;5.4954087386E-3;1.1479254738E+5;1.2101141474E+3
dcsH1He0el_1000log10e_-2265.dat;7.4962491838E+8;5.4325033149E-3;1.1413364664E+5;1.2187044513E+3
dcsH1He0el_1000log10e_-2270.dat;7.4962491838E+8;5.3703179637E-3;1.1347852795E+5;1.2278423848E+3
dcsH1He0el_1000log10e_-2275.dat;7.4962491838E+8;5.3088444423E-3;1.1282716960E+5;1.2375199460E+3
dcsH1He0el_1000log10e_-2280.dat;7.4962491838E+8;5.2480746025E-3;1.1217954999E+5;1.2477272692E+3
dcsH1He0el_1000log10e_-2285.dat;7.4962491838E+8;5.1880003893E-3;1.1153564766E+5;1.2584523364E+3
dcsH1He0el_1000log10e_-2290.dat;7.4962491838E+8;5.1286138399E-3;1.1089544130E+5;1.2696807587E+3
dcsH1He0el_1000log10e_-2295.dat;7.4962491838E+8;5.0699070827E-3;1.1025890966E+5;1.2813955621E+3
dcsH1He0el_1000log10e_-2300.dat;7.4962491838E+8;5.0118723363E-3;1.0962603168E+5;1.2935769651E+3
dcsH1He0el_1000log10e_-2305.dat;7.4962491838E+8;4.9545019080E-3;1.0899678636E+5;1.3062021548E+3
dcsH1He0el_1000log10e_-2310.dat;7.4962491838E+8;4.8977881937E-3;1.0837115287E+5;1.3192450431E+3
dcsH1He0el_1000log10e_-2315.dat;7.4962491838E+8;4.8417236758E-3;1.0774911047E+5;1.3326759855E+3
dcsH1He0el_1000log10e_-2320.dat;7.4962491838E+8;4.7863009232E-3;1.0713063854E+5;1.3464614827E+3
dcsH1He0el_1000log10e_-2325.dat;7.4962491838E+8;4.7315125896E-3;1.0651571660E+5;1.3605638453E+3
dcsH1He0el_1000log10e_-2330.dat;7.4962491838E+8;4.6773514129E-3;1.0590432426E+5;1.3749408068E+3
dcsH1He0el_1000log10e_-2335.dat;7.4962491838E+8;4.6238102140E-3;1.0529644127E+5;1.3895451024E+3
dcsH1He0el_1000log10e_-2340.dat;7.4962491838E+8;4.5708818961E-3;1.0469204749E+5;1.4043239929E+3
dcsH1He0el_1000log10e_-2345.dat;7.4962491838E+8;4.5185594437E-3;1.0409112288E+5;1.4192187145E+3
dcsH1He0el_1000log10e_-2350.dat;7.4962491838E+8;4.4668359215E-3;1.0349364753E+5;1.4341638657E+3
dcsH1He0el_1000log10e_-2355.dat;7.4962491838E+8;4.4157044735E-3;1.0289960164E+5;1.4490867048E+3
dcsH1He0el_1000log10e_-2360.dat;7.4962491838E+8;4.3651583224E-3;1.0230896554E+5;1.4639063254E+3
dcsH1He0el_1000log10e_-2365.dat;7.4962491838E+8;4.3151907683E-3;1.0172171964E+5;1.4785327067E+3
dcsH1He0el_1000log10e_-2370.dat;7.4962491838E+8;4.2657951880E-3;1.0113784450E+5;1.4928655886E+3
dcsH1He0el_1000log10e_-2375.dat;7.4962491838E+8;4.2169650343E-3;1.0055732075E+5;1.5067931010E+3
dcsH1He0el_1000log10e_-2380.dat;7.4962491838E+8;4.1686938347E-3;9.9980129164E+4;1.5201900950E+3
dcsH1He0el_1000log10e_-2385.dat;7.4962491838E+8;4.1209751910E-3;9.9406250617E+4;1.5329160244E+3
dcsH1He0el_1000log10e_-2390.dat;7.4962491838E+8;4.0738027780E-3;9.8835666089E+4;1.5448121991E+3
dcsH1He0el_1000log10e_-2395.dat;7.4962491838E+8;4.0271703433E-3;9.8268356675E+4;1.5556980583E+3
dcsH1He0el_1000log10e_-2400.dat;7.4962491838E+8;3.9810717055E-3;9.7704303575E+4;1.5653659340E+3
dcsH1He0el_1000log10e_-2405.dat;7.4962491838E+8;3.9355007546E-3;9.7143488098E+4;1.5735732603E+3
dcsH1He0el_1000log10e_-2410.dat;7.4962491838E+8;3.8904514499E-3;9.6585891661E+4;1.5800302579E+3
dcsH1He0el_1000log10e_-2415.dat;7.4962491838E+8;3.8459178205E-3;9.6031495785E+4;1.5843788411E+3
dcsH1He0el_1000log10e_-2420.dat;7.4962491838E+8;3.8018939632E-3;9.5480282101E+4;1.5861526825E+3
dcsH1He0el_1000log10e_-2425.dat;7.4962491838E+8;3.7583740429E-3;9.4932232343E+4;1.5846898794E+3
dcsH1He0el_1000log10e_-2430.dat;7.4962491838E+8;3.7153522910E-3;9.4387328350E+4;1.5788933051E+3
dcsH1He0el_1000log10e_-2435.dat;7.4962491838E+8;3.6728230050E-3;9.3845552065E+4;1.5661744907E+3
dcsH1He0el_1000log10e_-2440.dat;7.4962491838E+8;3.6307805477E-3;9.3306885537E+4;1.6516848530E+3
dcsH1He0el_1000log10e_-2445.dat;7.4962491838E+8;3.5892193465E-3;9.2771310914E+4;1.6566184280E+3
dcsH1He0el_1000log10e_-2450.dat;7.4962491838E+8;3.5481338923E-3;9.2238810450E+4;1.6629034828E+3
dcsH1He0el_1000log10e_-2455.dat;7.4962491838E+8;3.5075187395E-3;9.1709366499E+4;1.6699341014E+3
dcsH1He0el_1000log10e_-2460.dat;7.4962491838E+8;3.4673685045E-3;9.1182961518E+4;1.6775031646E+3
dcsH1He0el_1000log10e_-2465.dat;7.4962491838E+8;3.4276778655E-3;9.0659578062E+4;1.6855105419E+3
dcsH1He0el_1000log10e_-2470.dat;7.4962491838E+8;3.3884415614E-3;9.0139198789E+4;1.6938998474E+3
dcsH1He0el_1000log10e_-2475.dat;7.4962491838E+8;3.3496543916E-3;8.9621806454E+4;1.7026366571E+3
dcsH1He0el_1000log10e_-2480.dat;7.4962491838E+8;3.3113112148E-3;8.9107383912E+4;1.7116991637E+3
dcsH1He0el_1000log10e_-2485.dat;7.4962491838E+8;3.2734069488E-3;8.8595914118E+4;1.7210735749E+3
dcsH1He0el_1000log10e_-2490.dat;7.4962491838E+8;3.2359365693E-3;8.8087380123E+4;1.7307516602E+3
dcsH1He0el_1000log10e_-2495.dat;7.4962491838E+8;3.1988951097E-3;8.7581765076E+4;1.7407293499E+3
dcsH1He0el_1000log10e_-2500.dat;7.4962491838E+8;3.1622776602E-3;8.7079052221E+4;1.7510059089E+3
dcsH1He0el_1000log10e_-2505.dat;7.4962491838E+8;3.1260793671E-3;8.6579224901E+4;1.7615834391E+3
dcsH1He0el_1000log10e_-2510.dat;7.4962491838E+8;3.0902954325E-3;8.6082266553E+4;1.7724665914E+3
dcsH1He0el_1000log10e_-2515.dat;7.4962491838E+8;3.0549211132E-3;8.5588160709E+4;1.7836623857E+3
dcsH1He0el_1000log10e_-2520.dat;7.4962491838E+8;3.0199517204E-3;8.5096890996E+4;1.7951801340E+3
dcsH1He0el_1000log10e_-2525.dat;7.4962491838E+8;2.9853826189E-3;8.4608441135E+4;1.8070314103E+3
dcsH1He0el_1000log10e_-2530.dat;7.4962491838E+8;2.9512092267E-3;8.4122794940E+4;1.8192300642E+3
dcsH1He0el_1000log10e_-2535.dat;7.4962491838E+8;2.9174270140E-3;8.3639936318E+4;1.8317922621E+3
dcsH1He0el_1000log10e_-2540.dat;7.4962491838E+8;2.8840315031E-3;8.3159849269E+4;1.8447365516E+3
dcsH1He0el_1000log10e_-2545.dat;7.4962491838E+8;2.8510182675E-3;8.2682517884E+4;1.8580839406E+3
dcsH1He0el_1000log10e_-2550.dat;7.4962491838E+8;2.8183829313E-3;8.2207926346E+4;1.8718579999E+3
dcsH1He0el_1000log10e_-2555.dat;7.4962491838E+8;2.7861211686E-3;8.1736058928E+4;1.8860849559E+3
dcsH1He0el_1000log10e_-2560.dat;7.4962491838E+8;2.7542287033E-3;8.1266899995E+4;1.9007938132E+3
dcsH1He0el_1000log10e_-2565.dat;7.4962491838E+8;2.7227013081E-3;8.0800433999E+4;1.9160164747E+3
dcsH1He0el_1000log10e_-2570.dat;7.4962491838E+8;2.6915348039E-3;8.0336645483E+4;1.9317878706E+3
dcsH1He0el_1000log10e_-2575.dat;7.4962491838E+8;2.6607250598E-3;7.9875519079E+4;1.9481460923E+3
dcsH1He0el_1000log10e_-2580.dat;7.4962491838E+8;2.6302679919E-3;7.9417039506E+4;1.9651325343E+3
dcsH1He0el_1000log10e_-2585.dat;7.4962491838E+8;2.6001595632E-3;7.8961191573E+4;1.9827920398E+3
dcsH1He0el_1000log10e_-2590.dat;7.4962491838E+8;2.5703957828E-3;7.8507960173E+4;2.0011730548E+3
dcsH1He0el_1000log10e_-2595.dat;7.4962491838E+8;2.5409727055E-3;7.8057330287E+4;2.0203277881E+3
dcsH1He0el_1000log10e_-2600.dat;7.4962491838E+8;2.5118864315E-3;7.7609286984E+4;2.0403123814E+3
dcsH1He0el_1000log10e_-2605.dat;7.4962491838E+8;2.4831331053E-3;7.7163815416E+4;2.0611871032E+3
dcsH1He0el_1000log10e_-2610.dat;7.4962491838E+8;2.4547089157E-3;7.6720900822E+4;2.0830165436E+3
dcsH1He0el_1000log10e_-2615.dat;7.4962491838E+8;2.4266100951E-3;7.6280528525E+4;2.1058698636E+3
dcsH1He0el_1000log10e_-2620.dat;7.4962491838E+8;2.3988329190E-3;7.5842683932E+4;2.1298210826E+3
dcsH1He0el_1000log10e_-2625.dat;7.4962491838E+8;2.3713737057E-3;7.5407352535E+4;2.1549494485E+3
dcsH1He0el_1000log10e_-2630.dat;7.4962491838E+8;2.3442288153E-3;7.4974519909E+4;2.1813399353E+3
dcsH1He0el_1000log10e_-2635.dat;7.4962491838E+8;2.3173946500E-3;7.4544171709E+4;2.2090839449E+3
dcsH1He0el_1000log10e_-2640.dat;7.4962491838E+8;2.2908676528E-3;7.4116293676E+4;2.2382803521E+3
dcsH1He0el_1000log10e_-2645.dat;7.4962491838E+8;2.2646443076E-3;7.3690871631E+4;2.2690371276E+3
dcsH1He0el_1000log10e_-2650.dat;7.4962491838E+8;2.2387211386E-3;7.3267891478E+4;2.3014739765E+3
dcsH1He0el_1000log10e_-2655.dat;7.4962491838E+8;2.2130947096E-3;7.2847339199E+4;2.3357268373E+3
dcsH1He0el_1000log10e_-2660.dat;7.4962491838E+8;2.1877616239E-3;7.2429200859E+4;2.3719559823E+3
dcsH1He0el_1000log10e_-2665.dat;7.4962491838E+8;2.1627185237E-3;7.2013462603E+4;2.4103616453E+3
dcsH1He0el_1000log10e_-2670.dat;7.4962491838E+8;2.1379620895E-3;7.1600110653E+4;2.4512171494E+3
dcsH1He0el_1000log10e_-2675.dat;7.4962491838E+8;2.1134890398E-3;7.1189131313E+4;2.4949496875E+3
dcsH1He0el_1000log10e_-2680.dat;7.4962491838E+8;2.0892961309E-3;7.0780510964E+4;2.5423900434E+3
dcsH1He0el_1000log10e_-2685.dat;7.4962491838E+8;2.0653801558E-3;7.0374236065E+4;2.5960934209E+3
dcsH1He0el_1000log10e_-2690.dat;7.4962491838E+8;2.0417379447E-3;6.9970293155E+4;2.5898117945E+3
dcsH1He0el_1000log10e_-2695.dat;7.4962491838E+8;2.0183663637E-3;6.9568668847E+4;2.5799495935E+3
dcsH1He0el_1000log10e_-2700.dat;7.4962491838E+8;1.9952623150E-3;6.9169349832E+4;2.5720200522E+3
dcsH1He0el_1000log10e_-2705.dat;7.4962491838E+8;1.9724227361E-3;6.8772322879E+4;2.5649954992E+3
dcsH1He0el_1000log10e_-2710.dat;7.4962491838E+8;1.9498445998E-3;6.8377574832E+4;2.5584733767E+3
dcsH1He0el_1000log10e_-2715.dat;7.4962491838E+8;1.9275249132E-3;6.7985092609E+4;2.5522372605E+3
dcsH1He0el_1000log10e_-2720.dat;7.4962491838E+8;1.9054607180E-3;6.7594863205E+4;2.5461509798E+3
dcsH1He0el_1000log10e_-2725.dat;7.4962491838E+8;1.8836490895E-3;6.7206873689E+4;2.5448973814E+3
dcsH1He0el_1000log10e_-2730.dat;7.4962491838E+8;1.8620871367E-3;6.6821111205E+4;2.5340733173E+3
dcsH1He0el_1000log10e_-2735.dat;7.4962491838E+8;1.8407720015E-3;6.6437562968E+4;2.5279555380E+3
dcsH1He0el_1000log10e_-2740.dat;7.4962491838E+8;1.8197008586E-3;6.6056216270E+4;2.5217209688E+3
dcsH1He0el_1000log10e_-2745.dat;7.4962491838E+8;1.7988709151E-3;6.5677058473E+4;2.5153297257E+3
dcsH1He0el_1000log10e_-2750.dat;7.4962491838E+8;1.7782794100E-3;6.5300077015E+4;2.5087482872E+3
dcsH1He0el_1000log10e_-2755.dat;7.4962491838E+8;1.7579236140E-3;6.4925259402E+4;2.5019455405E+3
dcsH1He0el_1000log10e_-2760.dat;7.4962491838E+8;1.7378008287E-3;6.4552593214E+4;2.4948931849E+3
dcsH1He0el_1000log10e_-2765.dat;7.4962491838E+8;1.7179083872E-3;6.4182066103E+4;2.4875648196E+3
dcsH1He0el_1000log10e_-2770.dat;7.4962491838E+8;1.6982436525E-3;6.3813665790E+4;2.4799354705E+3
dcsH1He0el_1000log10e_-2775.dat;7.4962491838E+8;1.6788040181E-3;6.3447380068E+4;2.4719812377E+3
dcsH1He0el_1000log10e_-2780.dat;7.4962491838E+8;1.6595869074E-3;6.3083196798E+4;2.4636790339E+3
dcsH1He0el_1000log10e_-2785.dat;7.4962491838E+8;1.6405897732E-3;6.2721103914E+4;2.4550063717E+3
dcsH1He0el_1000log10e_-2790.dat;7.4962491838E+8;1.6218100974E-3;6.2361089416E+4;2.4459412256E+3
dcsH1He0el_1000log10e_-2795.dat;7.4962491838E+8;1.6032453907E-3;6.2003141374E+4;2.4364619047E+3
dcsH1He0el_1000log10e_-2800.dat;7.4962491838E+8;1.5848931925E-3;6.1647247928E+4;2.4265469683E+3
dcsH1He0el_1000log10e_-2805.dat;7.4962491838E+8;1.5667510701E-3;6.1293397284E+4;2.4161751639E+3
dcsH1He0el_1000log10e_-2810.dat;7.4962491838E+8;1.5488166189E-3;6.0941577716E+4;2.4053253862E+3
dcsH1He0el_1000log10e_-2815.dat;7.4962491838E+8;1.5310874617E-3;6.0591777567E+4;2.3939766559E+3
dcsH1He0el_1000log10e_-2820.dat;7.4962491838E+8;1.5135612484E-3;6.0243985245E+4;2.3821081172E+3
dcsH1He0el_1000log10e_-2825.dat;7.4962491838E+8;1.4962356561E-3;5.9898189225E+4;2.3696990517E+3
dcsH1He0el_1000log10e_-2830.dat;7.4962491838E+8;1.4791083882E-3;5.9554378048E+4;2.3567289107E+3
dcsH1He0el_1000log10e_-2835.dat;7.4962491838E+8;1.4621771745E-3;5.9212540322E+4;2.3431773674E+3
dcsH1He0el_1000log10e_-2840.dat;7.4962491838E+8;1.4454397707E-3;5.8872664720E+4;2.3290243899E+3
dcsH1He0el_1000log10e_-2845.dat;7.4962491838E+8;1.4288939585E-3;5.8534739978E+4;2.3142503222E+3
dcsH1He0el_1000log10e_-2850.dat;7.4962491838E+8;1.4125375446E-3;5.8198754900E+4;2.2988360178E+3
dcsH1He0el_1000log10e_-2855.dat;7.4962491838E+8;1.3963683611E-3;5.7864698350E+4;2.2827629716E+3
dcsH1He0el_1000log10e_-2860.dat;7.4962491838E+8;1.3803842646E-3;5.7532559261E+4;2.2660134951E+3
dcsH1He0el_1000log10e_-2865.dat;7.4962491838E+8;1.3645831366E-3;5.7202326626E+4;2.2485709243E+3
dcsH1He0el_1000log10e_-2870.dat;7.4962491838E+8;1.3489628826E-3;5.6873989501E+4;2.2304198663E+3
dcsH1He0el_1000log10e_-2875.dat;7.4962491838E+8;1.3335214322E-3;5.6547537007E+4;2.2115464915E+3
dcsH1He0el_1000log10e_-2880.dat;7.4962491838E+8;1.3182567386E-3;5.6222958327E+4;2.1919388816E+3
dcsH1He0el_1000log10e_-2885.dat;7.4962491838E+8;1.3031667785E-3;5.5900242704E+4;2.1715874252E+3
dcsH1He0el_1000log10e_-2890.dat;7.4962491838E+8;1.2882495517E-3;5.5579379445E+4;2.1504853156E+3
dcsH1He0el_1000log10e_-2895.dat;7.4962491838E+8;1.2735030810E-3;5.5260357917E+4;2.1286291064E+3
dcsH1He0el_1000log10e_-2900.dat;7.4962491838E+8;1.2589254118E-3;5.4943167549E+4;2.1060193847E+3
dcsH1He0el_1000log10e_-2905.dat;7.4962491838E+8;1.2445146118E-3;5.4627797831E+4;2.0826615671E+3
dcsH1He0el_1000log10e_-2910.dat;7.4962491838E+8;1.2302687708E-3;5.4314238311E+4;2.0585668485E+3
dcsH1He0el_1000log10e_-2915.dat;7.4962491838E+8;1.2161860006E-3;5.4002478600E+4;2.0337533419E+3
dcsH1He0el_1000log10e_-2920.dat;7.4962491838E+8;1.2022644346E-3;5.3692508366E+4;2.0082474368E+3
dcsH1He0el_1000log10e_-2925.dat;7.4962491838E+8;1.1885022274E-3;5.3384317339E+4;1.9820854878E+3
dcsH1He0el_1000log10e_-2930.dat;7.4962491838E+8;1.1748975549E-3;5.3077895305E+4;1.9553158518E+3
dcsH1He0el_1000log10e_-2935.dat;7.4962491838E+8;1.1614486138E-3;5.2773232112E+4;1.9280014426E+3
dcsH1He0el_1000log10e_-2940.dat;7.4962491838E+8;1.1481536215E-3;5.2470317662E+4;1.9002229483E+3
dcsH1He0el_1000log10e_-2945.dat;7.4962491838E+8;1.1350108157E-3;5.2169141919E+4;1.8720829582E+3
dcsH1He0el_1000log10e_-2950.dat;7.4962491838E+8;1.1220184543E-3;5.1869694902E+4;1.8437113219E+3
dcsH1He0el_1000log10e_-2955.dat;7.4962491838E+8;1.1091748153E-3;5.1571966690E+4;1.8152722671E+3
dcsH1He0el_1000log10e_-2960.dat;7.4962491838E+8;1.0964781961E-3;5.1275947415E+4;1.7869737349E+3
dcsH1He0el_1000log10e_-2965.dat;7.4962491838E+8;1.0839269140E-3;5.0981627269E+4;1.7590787342E+3
dcsH1He0el_1000log10e_-2970.dat;7.4962491838E+8;1.0715193052E-3;5.0688996498E+4;1.7319114145E+3
dcsH1He0el_1000log10e_-2975.dat;7.4962491838E+8;1.0592537252E-3;5.0398045407E+4;1.7057720089E+3
dcsH1He0el_1000log10e_-2980.dat;7.4962491838E+8;1.0471285481E-3;5.0108764353E+4;2.3637589580E+3
dcsH1He0el_1000log10e_-2985.dat;7.4962491838E+8;1.0351421667E-3;4.9821143752E+4;2.3344348012E+3
dcsH1He0el_1000log10e_-2990.dat;7.4962491838E+8;1.0232929923E-3;4.9535174071E+4;2.3102583344E+3
dcsH1He0el_1000log10e_-2995.dat;7.4962491838E+8;1.0115794543E-3;4.9250845835E+4;2.2888729400E+3
dcsH1He0el_1000log10e_-3000.dat;7.4962491838E+8;1.0000000000E-3;4.8968149622E+4;2.2694784162E+3
dcsH1He0el_1000log10e_-3005.dat;7.4962491838E+8;9.8855309466E-4;4.8687076065E+4;2.2516739314E+3
dcsH1He0el_1000log10e_-3010.dat;7.4962491838E+8;9.7723722096E-4;4.8407615849E+4;2.2352236241E+3
dcsH1He0el_1000log10e_-3015.dat;7.4962491838E+8;9.6605087899E-4;4.8129759714E+4;2.2199756918E+3
dcsH1He0el_1000log10e_-3020.dat;7.4962491838E+8;9.5499258602E-4;4.7853498452E+4;2.2058268789E+3
dcsH1He0el_1000log10e_-3025.dat;7.4962491838E+8;9.4406087629E-4;4.7578822910E+4;2.1927044255E+3
dcsH1He0el_1000log10e_-3030.dat;7.4962491838E+8;9.3325430080E-4;4.7305723985E+4;2.1805559731E+3
dcsH1He0el_1000log10e_-3035.dat;7.4962491838E+8;9.2257142715E-4;4.7034192628E+4;2.1693434411E+3
dcsH1He0el_1000log10e_-3040.dat;7.4962491838E+8;9.1201083936E-4;4.6764219841E+4;2.1590391328E+3
dcsH1He0el_1000log10e_-3045.dat;7.4962491838E+8;9.0157113761E-4;4.6495796677E+4;2.1496231109E+3
dcsH1He0el_1000log10e_-3050.dat;7.4962491838E+8;8.9125093813E-4;4.6228914243E+4;2.1410814096E+3
dcsH1He0el_1000log10e_-3055.dat;7.4962491838E+8;8.8104887301E-4;4.5963563694E+4;2.1334047210E+3
dcsH1He0el_1000log10e_-3060.dat;7.4962491838E+8;8.7096358996E-4;4.5699736237E+4;2.1265874460E+3
dcsH1He0el_1000log10e_-3065.dat;7.4962491838E+8;8.6099375218E-4;4.5437423131E+4;2.1206269550E+3
dcsH1He0el_1000log10e_-3070.dat;7.4962491838E+8;8.5113803820E-4;4.5176615682E+4;2.1155230515E+3
dcsH1He0el_1000log10e_-3075.dat;7.4962491838E+8;8.4139514165E-4;4.4917305249E+4;2.1112775127E+3
dcsH1He0el_1000log10e_-3080.dat;7.4962491838E+8;8.3176377110E-4;4.4659483239E+4;2.1078937400E+3
dcsH1He0el_1000log10e_-3085.dat;7.4962491838E+8;8.2224264995E-4;4.4403141108E+4;2.1053764461E+3
dcsH1He0el_1000log10e_-3090.dat;7.4962491838E+8;8.1283051616E-4;4.4148270361E+4;2.1037314290E+3
dcsH1He0el_1000log10e_-3095.dat;7.4962491838E+8;8.0352612219E-4;4.3894862554E+4;2.1029653406E+3
dcsH1He0el_1000log10e_-3100.dat;7.4962491838E+8;7.9432823472E-4;4.3642909290E+4;2.1030855031E+3
dcsH1He0el_1000log10e_-3105.dat;7.4962491838E+8;7.8523563461E-4;4.3392402218E+4;2.1040997214E+3
dcsH1He0el_1000log10e_-3110.dat;7.4962491838E+8;7.7624711663E-4;4.3143333038E+4;2.1060161479E+3
dcsH1He0el_1000log10e_-3115.dat;7.4962491838E+8;7.6736148936E-4;4.2895693497E+4;2.1088372779E+3
dcsH1He0el_1000log10e_-3120.dat;7.4962491838E+8;7.5857757503E-4;4.2649475389E+4;2.1125890017E+3
dcsH1He0el_1000log10e_-3125.dat;7.4962491838E+8;7.4989420933E-4;4.2404670554E+4;2.1172620681E+3
dcsH1He0el_1000log10e_-3130.dat;7.4962491838E+8;7.4131024130E-4;4.2161270881E+4;2.1228703431E+3
dcsH1He0el_1000log10e_-3135.dat;7.4962491838E+8;7.3282453314E-4;4.1919268304E+4;2.1294214639E+3
dcsH1He0el_1000log10e_-3140.dat;7.4962491838E+8;7.2443596007E-4;4.1678654804E+4;2.1369225126E+3
dcsH1He0el_1000log10e_-3145.dat;7.4962491838E+8;7.1614341021E-4;4.1439422408E+4;2.1453798852E+3
dcsH1He0el_1000log10e_-3150.dat;7.4962491838E+8;7.0794578438E-4;4.1201563188E+4;2.1547991143E+3
dcsH1He0el_1000log10e_-3155.dat;7.4962491838E+8;6.9984199600E-4;4.0965069262E+4;2.1651846732E+3
dcsH1He0el_1000log10e_-3160.dat;7.4962491838E+8;6.9183097092E-4;4.0729932794E+4;2.1765398200E+3
dcsH1He0el_1000log10e_-3165.dat;7.4962491838E+8;6.8391164728E-4;4.0496145992E+4;2.1888663692E+3
dcsH1He0el_1000log10e_-3170.dat;7.4962491838E+8;6.7608297539E-4;4.0263701108E+4;2.2021644808E+3
dcsH1He0el_1000log10e_-3175.dat;7.4962491838E+8;6.6834391757E-4;4.0032590442E+4;2.2164323881E+3
dcsH1He0el_1000log10e_-3180.dat;7.4962491838E+8;6.6069344801E-4;3.9802806333E+4;2.2316661706E+3
dcsH1He0el_1000log10e_-3185.dat;7.4962491838E+8;6.5313055265E-4;3.9574341168E+4;2.2478594344E+3
dcsH1He0el_1000log10e_-3190.dat;7.4962491838E+8;6.4565422903E-4;3.9347187377E+4;2.2650029734E+3
dcsH1He0el_1000log10e_-3195.dat;7.4962491838E+8;6.3826348619E-4;3.9121337431E+4;2.2830844318E+3
dcsH1He0el_1000log10e_-3200.dat;7.4962491838E+8;6.3095734448E-4;3.8896783847E+4;2.3020878829E+3
dcsH1He0el_1000log10e_-3205.dat;7.4962491838E+8;6.2373483548E-4;3.8673519184E+4;2.3219933599E+3
dcsH1He0el_1000log10e_-3210.dat;7.4962491838E+8;6.1659500186E-4;3.8451536044E+4;2.3427763692E+3
dcsH1He0el_1000log10e_-3215.dat;7.4962491838E+8;6.0953689724E-4;3.8230827071E+4;2.3644072970E+3
dcsH1He0el_1000log10e_-3220.dat;7.4962491838E+8;6.0255958607E-4;3.8011384951E+4;2.3868507347E+3
dcsH1He0el_1000log10e_-3225.dat;7.4962491838E+8;5.9566214353E-4;3.7793202412E+4;2.4100647542E+3
dcsH1He0el_1000log10e_-3230.dat;7.4962491838E+8;5.8884365536E-4;3.7576272225E+4;2.4340000270E+3
dcsH1He0el_1000log10e_-3235.dat;7.4962491838E+8;5.8210321777E-4;3.7360587202E+4;2.4585988077E+3
dcsH1He0el_1000log10e_-3240.dat;7.4962491838E+8;5.7543993734E-4;3.7146140194E+4;2.4837937942E+3
dcsH1He0el_1000log10e_-3245.dat;7.4962491838E+8;5.6885293084E-4;3.6932924097E+4;2.5095067377E+3
dcsH1He0el_1000log10e_-3250.dat;7.4962491838E+8;5.6234132519E-4;3.6720931844E+4;2.5356467949E+3
dcsH1He0el_1000log10e_-3255.dat;7.4962491838E+8;5.5590425727E-4;3.6510156410E+4;2.5621085960E+3
dcsH1He0el_1000log10e_-3260.dat;7.4962491838E+8;5.4954087386E-4;3.6300590813E+4;2.5887698406E+3
dcsH1He0el_1000log10e_-3265.dat;7.4962491838E+8;5.4325033149E-4;3.6092228106E+4;2.6154883326E+3
dcsH1He0el_1000log10e_-3270.dat;7.4962491838E+8;5.3703179637E-4;3.5885061386E+4;2.6420983182E+3
dcsH1He0el_1000log10e_-3275.dat;7.4962491838E+8;5.3088444423E-4;3.5679083787E+4;2.6684056402E+3
dcsH1He0el_1000log10e_-3280.dat;7.4962491838E+8;5.2480746025E-4;3.5474288485E+4;2.6941815637E+3
dcsH1He0el_1000log10e_-3285.dat;7.4962491838E+8;5.1880003893E-4;3.5270668692E+4;2.7191542809E+3
dcsH1He0el_1000log10e_-3290.dat;7.4962491838E+8;5.1286138399E-4;3.5068217662E+4;2.7429970288E+3
dcsH1He0el_1000log10e_-3295.dat;7.4962491838E+8;5.0699070827E-4;3.4866928686E+4;2.7653107967E+3
dcsH1He0el_1000log10e_-3300.dat;7.4962491838E+8;5.0118723363E-4;3.4666795094E+4;2.7855975639E+3
dcsH1He0el_1000log10e_-3305.dat;7.4962491838E+8;4.9545019080E-4;3.4467810254E+4;2.8032163932E+3
dcsH1He0el_1000log10e_-3310.dat;7.4962491838E+8;4.8977881937E-4;3.4269967572E+4;2.8173033771E+3
dcsH1He0el_1000log10e_-3315.dat;7.4962491838E+8;4.8417236758E-4;3.4073260493E+4;2.8266065944E+3
dcsH1He0el_1000log10e_-3320.dat;7.4962491838E+8;4.7863009232E-4;3.3877682497E+4;2.8290623421E+3
dcsH1He0el_1000log10e_-3325.dat;7.4962491838E+8;4.7315125896E-4;3.3683227105E+4;2.8201047771E+3
dcsH1He0el_1000log10e_-3330.dat;7.4962491838E+8;4.6773514129E-4;3.3489887873E+4;1.6352493914E+3
dcsH1He0el_1000log10e_-3335.dat;7.4962491838E+8;4.6238102140E-4;3.3297658393E+4;1.6036664300E+3
dcsH1He0el_1000log10e_-3340.dat;7.4962491838E+8;4.5708818961E-4;3.3106532296E+4;1.5796539421E+3
dcsH1He0el_1000log10e_-3345.dat;7.4962491838E+8;4.5185594437E-4;3.2916503249E+4;1.5600339606E+3
dcsH1He0el_1000log10e_-3350.dat;7.4962491838E+8;4.4668359215E-4;3.2727564955E+4;1.5436184347E+3
dcsH1He0el_1000log10e_-3355.dat;7.4962491838E+8;4.4157044735E-4;3.2539711152E+4;1.5297802008E+3
dcsH1He0el_1000log10e_-3360.dat;7.4962491838E+8;4.3651583224E-4;3.2352935617E+4;1.5181329922E+3
dcsH1He0el_1000log10e_-3365.dat;7.4962491838E+8;4.3151907683E-4;3.2167232159E+4;1.5084163165E+3
dcsH1He0el_1000log10e_-3370.dat;7.4962491838E+8;4.2657951880E-4;3.1982594625E+4;1.5004435899E+3
dcsH1He0el_1000log10e_-3375.dat;7.4962491838E+8;4.2169650343E-4;3.1799016897E+4;1.4940753542E+3
dcsH1He0el_1000log10e_-3380.dat;7.4962491838E+8;4.1686938347E-4;3.1616492892E+4;1.4892039637E+3
dcsH1He0el_1000log10e_-3385.dat;7.4962491838E+8;4.1209751910E-4;3.1435016561E+4;1.4857443057E+3
dcsH1He0el_1000log10e_-3390.dat;7.4962491838E+8;4.0738027780E-4;3.1254581890E+4;1.4836277780E+3
dcsH1He0el_1000log10e_-3395.dat;7.4962491838E+8;4.0271703433E-4;3.1075182902E+4;1.4827982320E+3
dcsH1He0el_1000log10e_-3400.dat;7.4962491838E+8;3.9810717055E-4;3.0896813650E+4;1.4832092036E+3
dcsH1He0el_1000log10e_-3405.dat;7.4962491838E+8;3.9355007546E-4;3.0719468224E+4;1.4848218515E+3
dcsH1He0el_1000log10e_-3410.dat;7.4962491838E+8;3.8904514499E-4;3.0543140749E+4;1.4876035267E+3
dcsH1He0el_1000log10e_-3415.dat;7.4962491838E+8;3.8459178205E-4;3.0367825379E+4;1.4915266202E+3
dcsH1He0el_1000log10e_-3420.dat;7.4962491838E+8;3.8018939632E-4;3.0193516308E+4;1.4965677629E+3
dcsH1He0el_1000log10e_-3425.dat;7.4962491838E+8;3.7583740429E-4;3.0020207757E+4;1.5027071589E+3
dcsH1He0el_1000log10e_-3430.dat;7.4962491838E+8;3.7153522910E-4;2.9847893984E+4;1.5099280601E+3
dcsH1He0el_1000log10e_-3435.dat;7.4962491838E+8;3.6728230050E-4;2.9676569280E+4;1.5182164100E+3
dcsH1He0el_1000log10e_-3440.dat;7.4962491838E+8;3.6307805477E-4;2.9506227967E+4;1.5275604791E+3
dcsH1He0el_1000log10e_-3445.dat;7.4962491838E+8;3.5892193465E-4;2.9336864401E+4;1.5379506613E+3
dcsH1He0el_1000log10e_-3450.dat;7.4962491838E+8;3.5481338923E-4;2.9168472969E+4;1.5493792248E+3
dcsH1He0el_1000log10e_-3455.dat;7.4962491838E+8;3.5075187395E-4;2.9001048091E+4;1.5618401960E+3
dcsH1He0el_1000log10e_-3460.dat;7.4962491838E+8;3.4673685045E-4;2.8834584220E+4;1.5753292148E+3
dcsH1He0el_1000log10e_-3465.dat;7.4962491838E+8;3.4276778655E-4;2.8669075839E+4;1.5898434163E+3
dcsH1He0el_1000log10e_-3470.dat;7.4962491838E+8;3.3884415614E-4;2.8504517463E+4;1.6053814016E+3
dcsH1He0el_1000log10e_-3475.dat;7.4962491838E+8;3.3496543916E-4;2.8340903641E+4;1.6219431298E+3
dcsH1He0el_1000log10e_-3480.dat;7.4962491838E+8;3.3113112148E-4;2.8178228950E+4;1.6395299318E+3
dcsH1He0el_1000log10e_-3485.dat;7.4962491838E+8;3.2734069488E-4;2.8016488000E+4;1.6581444344E+3
dcsH1He0el_1000log10e_-3490.dat;7.4962491838E+8;3.2359365693E-4;2.7855675431E+4;1.6777906025E+3
dcsH1He0el_1000log10e_-3495.dat;7.4962491838E+8;3.1988951097E-4;2.7695785914E+4;1.6984736880E+3
dcsH1He0el_1000log10e_-3500.dat;7.4962491838E+8;3.1622776602E-4;2.7536814151E+4;1.7202002955E+3
dcsH1He0el_1000log10e_-3505.dat;7.4962491838E+8;3.1260793671E-4;2.7378754874E+4;1.7429783523E+3
dcsH1He0el_1000log10e_-3510.dat;7.4962491838E+8;3.0902954325E-4;2.7221602846E+4;1.7668171877E+3
dcsH1He0el_1000log10e_-3515.dat;7.4962491838E+8;3.0549211132E-4;2.7065352858E+4;1.7917275560E+3
dcsH1He0el_1000log10e_-3520.dat;7.4962491838E+8;3.0199517204E-4;2.6909999735E+4;1.8177216667E+3
dcsH1He0el_1000log10e_-3525.dat;7.4962491838E+8;2.9853826189E-4;2.6755538326E+4;1.8448132940E+3
dcsH1He0el_1000log10e_-3530.dat;7.4962491838E+8;2.9512092267E-4;2.6601963515E+4;1.8730119214E+3
dcsH1He0el_1000log10e_-3535.dat;7.4962491838E+8;2.9174270140E-4;2.6449270212E+4;1.9023522266E+3
dcsH1He0el_1000log10e_-3540.dat;7.4962491838E+8;2.8840315031E-4;2.6297453357E+4;1.9328354161E+3
dcsH1He0el_1000log10e_-3545.dat;7.4962491838E+8;2.8510182675E-4;2.6146507919E+4;1.9644880799E+3
dcsH1He0el_1000log10e_-3550.dat;7.4962491838E+8;2.8183829313E-4;2.5996428897E+4;1.9973328946E+3
dcsH1He0el_1000log10e_-3555.dat;7.4962491838E+8;2.7861211686E-4;2.5847211318E+4;2.0313946730E+3
dcsH1He0el_1000log10e_-3560.dat;7.4962491838E+8;2.7542287033E-4;2.5698850236E+4;2.0667004387E+3
dcsH1He0el_1000log10e_-3565.dat;7.4962491838E+8;2.7227013081E-4;2.5551340737E+4;2.1032796308E+3
dcsH1He0el_1000log10e_-3570.dat;7.4962491838E+8;2.6915348039E-4;2.5404677930E+4;2.1411642050E+3
dcsH1He0el_1000log10e_-3575.dat;7.4962491838E+8;2.6607250598E-4;2.5258856958E+4;2.1803888676E+3
dcsH1He0el_1000log10e_-3580.dat;7.4962491838E+8;2.6302679919E-4;2.5113872987E+4;2.2209912070E+3
dcsH1He0el_1000log10e_-3585.dat;7.4962491838E+8;2.6001595632E-4;2.4969721213E+4;2.2630119627E+3
dcsH1He0el_1000log10e_-3590.dat;7.4962491838E+8;2.5703957828E-4;2.4826396860E+4;2.3064951939E+3
dcsH1He0el_1000log10e_-3595.dat;7.4962491838E+8;2.5409727055E-4;2.4683895178E+4;2.3514885897E+3
dcsH1He0el_1000log10e_-3600.dat;7.4962491838E+8;2.5118864315E-4;2.4542211445E+4;2.3980436837E+3
dcsH1He0el_1000log10e_-3605.dat;7.4962491838E+8;2.4831331053E-4;2.4401340966E+4;2.4462162161E+3
dcsH1He0el_1000log10e_-3610.dat;7.4962491838E+8;2.4547089157E-4;2.4261279074E+4;2.4960664039E+3
dcsH1He0el_1000log10e_-3615.dat;7.4962491838E+8;2.4266100951E-4;2.4122021126E+4;2.5476593691E+3
dcsH1He0el_1000log10e_-3620.dat;7.4962491838E+8;2.3988329190E-4;2.3983562509E+4;2.6010654803E+3
dcsH1He0el_1000log10e_-3625.dat;7.4962491838E+8;2.3713737057E-4;2.3845898634E+4;2.6563608649E+3
dcsH1He0el_1000log10e_-3630.dat;7.4962491838E+8;2.3442288153E-4;2.3709024939E+4;2.7136278450E+3
dcsH1He0el_1000log10e_-3635.dat;7.4962491838E+8;2.3173946500E-4;2.3572936889E+4;2.7729555590E+3
dcsH1He0el_1000log10e_-3640.dat;7.4962491838E+8;2.2908676528E-4;2.3437629975E+4;2.8344405239E+3
dcsH1He0el_1000log10e_-3645.dat;7.4962491838E+8;2.2646443076E-4;2.3303099712E+4;2.8981874056E+3
dcsH1He0el_1000log10e_-3650.dat;7.4962491838E+8;2.2387211386E-4;2.3169341643E+4;2.9643097547E+3
dcsH1He0el_1000log10e_-3655.dat;7.4962491838E+8;2.2130947096E-4;2.3036351335E+4;3.0329309836E+3
dcsH1He0el_1000log10e_-3660.dat;7.4962491838E+8;2.1877616239E-4;2.2904124382E+4;3.1041853494E+3
dcsH1He0el_1000log10e_-3665.dat;7.4962491838E+8;2.1627185237E-4;2.2772656402E+4;3.1782192304E+3
dcsH1He0el_1000log10e_-3670.dat;7.4962491838E+8;2.1379620895E-4;2.2641943038E+4;3.2551924727E+3
dcsH1He0el_1000log10e_-3675.dat;7.4962491838E+8;2.1134890398E-4;2.2511979960E+4;3.3352801187E+3
dcsH1He0el_1000log10e_-3680.dat;7.4962491838E+8;2.0892961309E-4;2.2382762860E+4;3.4186743238E+3
dcsH1He0el_1000log10e_-3685.dat;7.4962491838E+8;2.0653801558E-4;2.2254287456E+4;3.5055867567E+3
dcsH1He0el_1000log10e_-3690.dat;7.4962491838E+8;2.0417379447E-4;2.2126549492E+4;3.5962515164E+3
dcsH1He0el_1000log10e_-3695.dat;7.4962491838E+8;2.0183663637E-4;2.1999544734E+4;3.6909286454E+3
dcsH1He0el_1000log10e_-3700.dat;7.4962491838E+8;1.9952623150E-4;2.1873268974E+4;3.7899079765E+3
dcsH1He0el_1000log10e_-3705.dat;7.4962491838E+8;1.9724227361E-4;2.1747718028E+4;3.8935183260E+3
dcsH1He0el_1000log10e_-3710.dat;7.4962491838E+8;1.9498445998E-4;2.1622887735E+4;4.0021370272E+3
dcsH1He0el_1000log10e_-3715.dat;7.4962491838E+8;1.9275249132E-4;2.1498773958E+4;4.1161617497E+3
dcsH1He0el_1000log10e_-3720.dat;7.4962491838E+8;1.9054607180E-4;2.1375372586E+4;4.2361111915E+3
dcsH1He0el_1000log10e_-3725.dat;7.4962491838E+8;1.8836490895E-4;2.1252679528E+4;4.3625549322E+3
dcsH1He0el_1000log10e_-3730.dat;7.4962491838E+8;1.8620871367E-4;2.1130690719E+4;4.4961877087E+3
dcsH1He0el_1000log10e_-3735.dat;7.4962491838E+8;1.8407720015E-4;2.1009402117E+4;4.6378654486E+3
dcsH1He0el_1000log10e_-3740.dat;7.4962491838E+8;1.8197008586E-4;2.0888809703E+4;4.7886800365E+3
dcsH1He0el_1000log10e_-3745.dat;7.4962491838E+8;1.7988709151E-4;2.0768909480E+4;4.9500936764E+3
dcsH1He0el_1000log10e_-3750.dat;7.4962491838E+8;1.7782794100E-4;2.0649697475E+4;5.1242097483E+3
dcsH1He0el_1000log10e_-3755.dat;7.4962491838E+8;1.7579236140E-4;2.0531169739E+4;5.3144218515E+3
dcsH1He0el_1000log10e_-3760.dat;7.4962491838E+8;1.7378008287E-4;2.0413322343E+4;5.5275484901E+3
dcsH1He0el_1000log10e_-3765.dat;7.4962491838E+8;1.7179083872E-4;2.0296151382E+4;5.5101762159E+3
dcsH1He0el_1000log10e_-3770.dat;7.4962491838E+8;1.6982436525E-4;2.0179652974E+4;5.5152081096E+3
dcsH1He0el_1000log10e_-3775.dat;7.4962491838E+8;1.6788040181E-4;2.0063823258E+4;5.5400233264E+3
dcsH1He0el_1000log10e_-3780.dat;7.4962491838E+8;1.6595869074E-4;1.9948658397E+4;5.5731752929E+3
dcsH1He0el_1000log10e_-3785.dat;7.4962491838E+8;1.6405897732E-4;1.9834154573E+4;5.6119743227E+3
dcsH1He0el_1000log10e_-3790.dat;7.4962491838E+8;1.6218100974E-4;1.9720307992E+4;5.6551383968E+3
dcsH1He0el_1000log10e_-3795.dat;7.4962491838E+8;1.6032453907E-4;1.9607114883E+4;5.7019134824E+3
dcsH1He0el_1000log10e_-3800.dat;7.4962491838E+8;1.5848931925E-4;1.9494571493E+4;5.7518028431E+3
dcsH1He0el_1000log10e_-3805.dat;7.4962491838E+8;1.5667510701E-4;1.9382674095E+4;5.8044545683E+3
dcsH1He0el_1000log10e_-3810.dat;7.4962491838E+8;1.5488166189E-4;1.9271418979E+4;5.8596063987E+3
dcsH1He0el_1000log10e_-3815.dat;7.4962491838E+8;1.5310874617E-4;1.9160802459E+4;5.9170552878E+3
dcsH1He0el_1000log10e_-3820.dat;7.4962491838E+8;1.5135612484E-4;1.9050820870E+4;5.9766393461E+3
dcsH1He0el_1000log10e_-3825.dat;7.4962491838E+8;1.4962356561E-4;1.8941470567E+4;6.0382265957E+3
dcsH1He0el_1000log10e_-3830.dat;7.4962491838E+8;1.4791083882E-4;1.8832747927E+4;6.1017066527E+3
dcsH1He0el_1000log10e_-3835.dat;7.4962491838E+8;1.4621771745E-4;1.8724649346E+4;6.1669865292E+3
dcsH1He0el_1000log10e_-3840.dat;7.4962491838E+8;1.4454397707E-4;1.8617171244E+4;6.2339859777E+3
dcsH1He0el_1000log10e_-3845.dat;7.4962491838E+8;1.4288939585E-4;1.8510310058E+4;6.3026358781E+3
dcsH1He0el_1000log10e_-3850.dat;7.4962491838E+8;1.4125375446E-4;1.8404062247E+4;6.3728748375E+3
dcsH1He0el_1000log10e_-3855.dat;7.4962491838E+8;1.3963683611E-4;1.8298424291E+4;6.4446485042E+3
dcsH1He0el_1000log10e_-3860.dat;7.4962491838E+8;1.3803842646E-4;1.8193392688E+4;6.5179081839E+3
dcsH1He0el_1000log10e_-3865.dat;7.4962491838E+8;1.3645831366E-4;1.8088963960E+4;6.5926098129E+3
dcsH1He0el_1000log10e_-3870.dat;7.4962491838E+8;1.3489628826E-4;1.7985134644E+4;6.6687132786E+3
dcsH1He0el_1000log10e_-3875.dat;7.4962491838E+8;1.3335214322E-4;1.7881901302E+4;6.7461817264E+3
dcsH1He0el_1000log10e_-3880.dat;7.4962491838E+8;1.3182567386E-4;1.7779260511E+4;6.8249810846E+3
dcsH1He0el_1000log10e_-3885.dat;7.4962491838E+8;1.3031667785E-4;1.7677208870E+4;6.9050796750E+3
dcsH1He0el_1000log10e_-3890.dat;7.4962491838E+8;1.2882495517E-4;1.7575742998E+4;6.9864477869E+3
dcsH1He0el_1000log10e_-3895.dat;7.4962491838E+8;1.2735030810E-4;1.7474859533E+4;7.0690574647E+3
dcsH1He0el_1000log10e_-3900.dat;7.4962491838E+8;1.2589254118E-4;1.7374555132E+4;7.1528821782E+3
dcsH1He0el_1000log10e_-3905.dat;7.4962491838E+8;1.2445146118E-4;1.7274826470E+4;7.2378966366E+3
dcsH1He0el_1000log10e_-3910.dat;7.4962491838E+8;1.2302687708E-4;1.7175670244E+4;7.3240766313E+3
dcsH1He0el_1000log10e_-3915.dat;7.4962491838E+8;1.2161860006E-4;1.7077083167E+4;7.4113987931E+3
dcsH1He0el_1000log10e_-3920.dat;7.4962491838E+8;1.2022644346E-4;1.6979061973E+4;7.4998405336E+3
dcsH1He0el_1000log10e_-3925.dat;7.4962491838E+8;1.1885022274E-4;1.6881603412E+4;7.5893798363E+3
dcsH1He0el_1000log10e_-3930.dat;7.4962491838E+8;1.1748975549E-4;1.6784704257E+4;7.6799951738E+3
dcsH1He0el_1000log10e_-3935.dat;7.4962491838E+8;1.1614486138E-4;1.6688361296E+4;7.7716654347E+3
dcsH1He0el_1000log10e_-3940.dat;7.4962491838E+8;1.1481536215E-4;1.6592571336E+4;7.8643697589E+3
dcsH1He0el_1000log10e_-3945.dat;7.4962491838E+8;1.1350108157E-4;1.6497331204E+4;7.9580874835E+3
dcsH1He0el_1000log10e_-3950.dat;7.4962491838E+8;1.1220184543E-4;1.6402637743E+4;8.0527980935E+3
dcsH1He0el_1000log10e_-3955.dat;7.4962491838E+8;1.1091748153E-4;1.6308487815E+4;8.1484810653E+3
dcsH1He0el_1000log10e_-3960.dat;7.4962491838E+8;1.0964781961E-4;1.6214878301E+4;8.2451158857E+3
dcsH1He0el_1000log10e_-3965.dat;7.4962491838E+8;1.0839269140E-4;1.6121806099E+4;8.3426819021E+3
dcsH1He0el_1000log10e_-3970.dat;7.4962491838E+8;1.0715193052E-4;1.6029268124E+4;8.4411613676E+3
dcsH1He0el_1000log10e_-3975.dat;7.4962491838E+8;1.0592537252E-4;1.5937261311E+4;8.5405240309E+3
dcsH1He0el_1000log10e_-3980.dat;7.4962491838E+8;1.0471285481E-4;1.5845782609E+4;8.6407577671E+3
dcsH1He0el_1000log10e_-3985.dat;7.4962491838E+8;1.0351421667E-4;1.5754828989E+4;8.7418377905E+3
dcsH1He0el_1000log10e_-3990.dat;7.4962491838E+8;1.0232929923E-4;1.5664397436E+4;8.8437420114E+3
dcsH1He0el_1000log10e_-3995.dat;7.4962491838E+8;1.0115794543E-4;1.5574484953E+4;8.9464478182E+3
dcsH1He0el_1000log10e_-4000.dat;7.4962491838E+8;1.0000000000E-4;1.5485088561E+4;9.0499321149E+3
